2021-06-04 13:00,01F0005N,31,1.1,212
2021-06-04 13:00,01F0005N,32,1.1,95
2021-06-04 13:00,01F0005N,41,1.1,9
2021-06-04 13:00,01F0005N,42,1.1,2
2021-06-04 13:00,01F0005N,5,0.0,0
2021-06-04 13:00,01F0005S,31,20.1,719
2021-06-04 13:00,01F0005S,32,17.2,349
2021-06-04 13:00,01F0005S,41,15.7,27
2021-06-04 13:00,01F0005S,42,29.0,18
2021-06-04 13:00,01F0005S,5,1.1,1
2021-06-04 13:00,01F0017N,31,0.0,0
2021-06-04 13:00,01F0017N,32,6.8,2
2021-06-04 13:00,01F0017N,41,0.0,0
2021-06-04 13:00,01F0017N,42,0.0,0
2021-06-04 13:00,01F0017N,5,0.0,0
2021-06-04 13:00,01F0017S,31,23.3,166
2021-06-04 13:00,01F0017S,32,29.9,91
2021-06-04 13:00,01F0017S,41,16.3,10
2021-06-04 13:00,01F0017S,42,32.7,20
2021-06-04 13:00,01F0017S,5,29.3,27
2021-06-04 13:00,01F0029N,31,5.0,2
2021-06-04 13:00,01F0029N,32,4.2,1
2021-06-04 13:00,01F0029N,41,0.0,0
2021-06-04 13:00,01F0029N,42,0.0,0
2021-06-04 13:00,01F0029N,5,0.0,0
2021-06-04 13:00,01F0029S,31,24.9,210
2021-06-04 13:00,01F0029S,32,25.1,95
2021-06-04 13:00,01F0029S,41,14.2,3
2021-06-04 13:00,01F0029S,42,29.5,11
2021-06-04 13:00,01F0029S,5,25.2,23
2021-06-04 13:00,01F0061N,31,4.1,90
2021-06-04 13:00,01F0061N,32,3.9,77
2021-06-04 13:00,01F0061N,41,0.0,0
2021-06-04 13:00,01F0061N,42,3.2,32
2021-06-04 13:00,01F0061N,5,2.0,81
2021-06-04 13:00,01F0061S,31,24.3,564
2021-06-04 13:00,01F0061S,32,24.5,309
2021-06-04 13:00,01F0061S,41,24.6,2
2021-06-04 13:00,01F0061S,42,24.5,48
2021-06-04 13:00,01F0061S,5,39.4,169
2021-06-04 13:00,01F0099N,31,7.3,109
2021-06-04 13:00,01F0099N,32,6.8,63
2021-06-04 13:00,01F0099N,41,0.0,0
2021-06-04 13:00,01F0099N,42,5.0,7
2021-06-04 13:00,01F0099N,5,5.5,7
2021-06-04 13:00,01F0099S,31,24.7,180
2021-06-04 13:00,01F0099S,32,25.9,142
2021-06-04 13:00,01F0099S,41,0.0,0
2021-06-04 13:00,01F0099S,42,29.0,33
2021-06-04 13:00,01F0099S,5,38.6,76
2021-06-04 13:00,01F0147N,31,5.3,1
2021-06-04 13:00,01F0147N,32,0.0,0
2021-06-04 13:00,01F0147N,41,0.0,0
2021-06-04 13:00,01F0147N,42,0.0,0
2021-06-04 13:00,01F0147N,5,0.0,0
2021-06-04 13:00,01F0147S,31,10.3,226
2021-06-04 13:00,01F0147S,32,10.1,107
2021-06-04 13:00,01F0147S,41,0.0,0
2021-06-04 13:00,01F0147S,42,28.6,47
2021-06-04 13:00,01F0147S,5,44.6,32
2021-06-04 13:00,01F0155N,31,10.1,680
2021-06-04 13:00,01F0155N,32,11.0,335
2021-06-04 13:00,01F0155N,41,15.9,16
2021-06-04 13:00,01F0155N,42,9.1,28
2021-06-04 13:00,01F0155N,5,12.9,5
2021-06-04 13:00,01F0155S,31,12.5,461
2021-06-04 13:00,01F0155S,32,12.2,248
2021-06-04 13:00,01F0155S,41,0.0,0
2021-06-04 13:00,01F0155S,42,10.0,45
2021-06-04 13:00,01F0155S,5,18.6,13
2021-06-04 13:00,01F0182S,31,18.9,487
2021-06-04 13:00,01F0182S,32,14.9,225
2021-06-04 13:00,01F0182S,41,7.7,3
2021-06-04 13:00,01F0182S,42,31.6,46
2021-06-04 13:00,01F0182S,5,35.3,20
2021-06-04 13:00,01F0213N,31,14.4,405
2021-06-04 13:00,01F0213N,32,13.3,157
2021-06-04 13:00,01F0213N,41,17.2,3
2021-06-04 13:00,01F0213N,42,15.8,4
2021-06-04 13:00,01F0213N,5,13.4,4
2021-06-04 13:00,01F0233N,31,8.6,765
2021-06-04 13:00,01F0233N,32,10.3,396
2021-06-04 13:00,01F0233N,41,20.3,7
2021-06-04 13:00,01F0233N,42,11.8,58
2021-06-04 13:00,01F0233N,5,15.3,20
2021-06-04 13:00,01F0248S,31,23.9,1713
2021-06-04 13:00,01F0248S,32,16.6,735
2021-06-04 13:00,01F0248S,41,22.3,19
2021-06-04 13:00,01F0248S,42,26.8,63
2021-06-04 13:00,01F0248S,5,22.9,25
2021-06-04 13:00,01F0256N,31,9.0,627
2021-06-04 13:00,01F0256N,32,9.3,333
2021-06-04 13:00,01F0256N,41,27.1,1
2021-06-04 13:00,01F0256N,42,10.3,13
2021-06-04 13:00,01F0256N,5,14.9,4
2021-06-04 13:00,01F0264S,31,25.7,480
2021-06-04 13:00,01F0264S,32,16.2,276
2021-06-04 13:00,01F0264S,41,31.1,25
2021-06-04 13:00,01F0264S,42,29.4,46
2021-06-04 13:00,01F0264S,5,17.4,27
2021-06-04 13:00,01F0293N,31,10.2,545
2021-06-04 13:00,01F0293N,32,10.2,344
2021-06-04 13:00,01F0293N,41,8.0,3
2021-06-04 13:00,01F0293N,42,19.5,118
2021-06-04 13:00,01F0293N,5,22.0,159
2021-06-04 13:00,01F0293S,31,31.7,283
2021-06-04 13:00,01F0293S,32,31.6,168
2021-06-04 13:00,01F0293S,41,150.4,17
2021-06-04 13:00,01F0293S,42,84.3,11
2021-06-04 13:00,01F0293S,5,96.1,2
2021-06-04 13:00,01F0339N,31,7.9,14
2021-06-04 13:00,01F0339N,32,1.2,7
2021-06-04 13:00,01F0339N,41,25.5,1
2021-06-04 13:00,01F0339N,42,21.1,4
2021-06-04 13:00,01F0339N,5,0.0,0
2021-06-04 13:00,01F0339S,31,28.1,1360
2021-06-04 13:00,01F0339S,32,24.8,933
2021-06-04 13:00,01F0339S,41,9.5,7
2021-06-04 13:00,01F0339S,42,27.6,184
2021-06-04 13:00,01F0339S,5,45.0,86
2021-06-04 13:00,01F0376N,31,16.6,1279
2021-06-04 13:00,01F0376N,32,16.5,751
2021-06-04 13:00,01F0376N,41,14.0,29
2021-06-04 13:00,01F0376N,42,15.6,181
2021-06-04 13:00,01F0376N,5,26.3,79
2021-06-04 13:00,01F0376S,31,14.7,12
2021-06-04 13:00,01F0376S,32,41.6,2
2021-06-04 13:00,01F0376S,41,0.0,0
2021-06-04 13:00,01F0376S,42,11.0,2
2021-06-04 13:00,01F0376S,5,0.0,0
2021-06-04 13:00,01F0413N,31,0.0,0
2021-06-04 13:00,01F0413N,32,0.0,0
2021-06-04 13:00,01F0413N,41,0.0,0
2021-06-04 13:00,01F0413N,42,0.0,0
2021-06-04 13:00,01F0413N,5,0.0,0
2021-06-04 13:00,01F0413S,31,0.0,0
2021-06-04 13:00,01F0413S,32,0.0,0
2021-06-04 13:00,01F0413S,41,0.0,0
2021-06-04 13:00,01F0413S,42,0.0,0
2021-06-04 13:00,01F0413S,5,0.0,0
2021-06-04 13:00,01F0467N,31,20.1,959
2021-06-04 13:00,01F0467N,32,17.8,423
2021-06-04 13:00,01F0467N,41,21.9,26
2021-06-04 13:00,01F0467N,42,18.4,77
2021-06-04 13:00,01F0467N,5,32.6,43
2021-06-04 13:00,01F0467S,31,27.7,946
2021-06-04 13:00,01F0467S,32,26.2,624
2021-06-04 13:00,01F0467S,41,78.1,15
2021-06-04 13:00,01F0467S,42,39.9,228
2021-06-04 13:00,01F0467S,5,45.2,106
2021-06-04 13:00,01F0511N,31,14.2,854
2021-06-04 13:00,01F0511N,32,13.8,504
2021-06-04 13:00,01F0511N,41,9.5,8
2021-06-04 13:00,01F0511N,42,16.4,138
2021-06-04 13:00,01F0511N,5,22.0,69
2021-06-04 13:00,01F0511S,31,22.8,867
2021-06-04 13:00,01F0511S,32,19.0,489
2021-06-04 13:00,01F0511S,41,4.2,8
2021-06-04 13:00,01F0511S,42,23.8,142
2021-06-04 13:00,01F0511S,5,33.2,73
2021-06-04 13:00,01F0532N,31,16.7,60
2021-06-04 13:00,01F0532N,32,17.9,48
2021-06-04 13:00,01F0532N,41,0.0,0
2021-06-04 13:00,01F0532N,42,19.0,6
2021-06-04 13:00,01F0532N,5,33.1,2
2021-06-04 13:00,01F0532S,31,24.6,560
2021-06-04 13:00,01F0532S,32,18.3,332
2021-06-04 13:00,01F0532S,41,4.7,4
2021-06-04 13:00,01F0532S,42,33.9,153
2021-06-04 13:00,01F0532S,5,32.2,61
2021-06-04 13:00,01F0557N,31,18.1,757
2021-06-04 13:00,01F0557N,32,18.1,428
2021-06-04 13:00,01F0557N,41,20.9,8
2021-06-04 13:00,01F0557N,42,17.1,86
2021-06-04 13:00,01F0557N,5,20.6,28
2021-06-04 13:00,01F0557S,31,18.8,74
2021-06-04 13:00,01F0557S,32,17.9,63
2021-06-04 13:00,01F0557S,41,0.0,0
2021-06-04 13:00,01F0557S,42,45.0,4
2021-06-04 13:00,01F0557S,5,1.9,1
2021-06-04 13:00,01F0578S,31,25.4,437
2021-06-04 13:00,01F0578S,32,26.5,306
2021-06-04 13:00,01F0578S,41,12.2,1
2021-06-04 13:00,01F0578S,42,34.3,131
2021-06-04 13:00,01F0578S,5,33.6,40
2021-06-04 13:00,01F0584N,31,12.1,351
2021-06-04 13:00,01F0584N,32,12.6,231
2021-06-04 13:00,01F0584N,41,7.8,2
2021-06-04 13:00,01F0584N,42,11.8,40
2021-06-04 13:00,01F0584N,5,31.9,24
2021-06-04 13:00,01F0633N,31,19.1,814
2021-06-04 13:00,01F0633N,32,18.8,553
2021-06-04 13:00,01F0633N,41,8.0,1
2021-06-04 13:00,01F0633N,42,19.2,161
2021-06-04 13:00,01F0633N,5,23.7,82
2021-06-04 13:00,01F0633S,31,24.7,424
2021-06-04 13:00,01F0633S,32,19.0,225
2021-06-04 13:00,01F0633S,41,59.3,2
2021-06-04 13:00,01F0633S,42,28.7,46
2021-06-04 13:00,01F0633S,5,40.3,14
2021-06-04 13:00,01F0664N,31,13.8,215
2021-06-04 13:00,01F0664N,32,15.2,192
2021-06-04 13:00,01F0664N,41,0.0,0
2021-06-04 13:00,01F0664N,42,15.5,115
2021-06-04 13:00,01F0664N,5,19.5,70
2021-06-04 13:00,01F0664S,31,30.1,452
2021-06-04 13:00,01F0664S,32,25.5,301
2021-06-04 13:00,01F0664S,41,0.0,0
2021-06-04 13:00,01F0664S,42,47.4,113
2021-06-04 13:00,01F0664S,5,41.2,104
2021-06-04 13:00,01F0681N,31,14.3,635
2021-06-04 13:00,01F0681N,32,14.2,303
2021-06-04 13:00,01F0681N,41,1.9,1
2021-06-04 13:00,01F0681N,42,14.8,112
2021-06-04 13:00,01F0681N,5,18.8,123
2021-06-04 13:00,01F0681S,31,27.6,97
2021-06-04 13:00,01F0681S,32,32.2,66
2021-06-04 13:00,01F0681S,41,0.0,0
2021-06-04 13:00,01F0681S,42,46.8,50
2021-06-04 13:00,01F0681S,5,37.5,49
2021-06-04 13:00,01F0699N,31,30.9,3
2021-06-04 13:00,01F0699N,32,20.1,2
2021-06-04 13:00,01F0699N,41,0.0,0
2021-06-04 13:00,01F0699N,42,0.0,0
2021-06-04 13:00,01F0699N,5,0.0,0
2021-06-04 13:00,01F0699S,31,40.4,121
2021-06-04 13:00,01F0699S,32,44.5,84
2021-06-04 13:00,01F0699S,41,0.0,0
2021-06-04 13:00,01F0699S,42,76.0,29
2021-06-04 13:00,01F0699S,5,170.0,25
2021-06-04 13:00,01F0750N,31,33.5,245
2021-06-04 13:00,01F0750N,32,32.8,187
2021-06-04 13:00,01F0750N,41,0.0,0
2021-06-04 13:00,01F0750N,42,28.1,70
2021-06-04 13:00,01F0750N,5,47.7,31
2021-06-04 13:00,01F0750S,31,12.8,1
2021-06-04 13:00,01F0750S,32,39.4,1
2021-06-04 13:00,01F0750S,41,0.0,0
2021-06-04 13:00,01F0750S,42,0.0,0
2021-06-04 13:00,01F0750S,5,0.0,0
2021-06-04 13:00,01F0880N,31,35.0,437
2021-06-04 13:00,01F0880N,32,36.6,229
2021-06-04 13:00,01F0880N,41,0.0,0
2021-06-04 13:00,01F0880N,42,26.1,35
2021-06-04 13:00,01F0880N,5,25.0,10
2021-06-04 13:00,01F0880S,31,29.1,499
2021-06-04 13:00,01F0880S,32,28.7,236
2021-06-04 13:00,01F0880S,41,43.0,3
2021-06-04 13:00,01F0880S,42,64.4,63
2021-06-04 13:00,01F0880S,5,84.3,30
2021-06-04 13:00,01F0928N,31,26.0,866
2021-06-04 13:00,01F0928N,32,30.9,397
2021-06-04 13:00,01F0928N,41,52.2,7
2021-06-04 13:00,01F0928N,42,31.7,67
2021-06-04 13:00,01F0928N,5,20.0,56
2021-06-04 13:00,01F0928S,31,24.2,665
2021-06-04 13:00,01F0928S,32,26.0,224
2021-06-04 13:00,01F0928S,41,4.4,1
2021-06-04 13:00,01F0928S,42,20.0,41
2021-06-04 13:00,01F0928S,5,26.8,35
2021-06-04 13:00,01F0950S,31,0.0,0
2021-06-04 13:00,01F0950S,32,0.0,0
2021-06-04 13:00,01F0950S,41,0.0,0
2021-06-04 13:00,01F0950S,42,0.0,0
2021-06-04 13:00,01F0950S,5,0.0,0
2021-06-04 13:00,01F0956N,31,8.4,1
2021-06-04 13:00,01F0956N,32,0.0,0
2021-06-04 13:00,01F0956N,41,0.0,0
2021-06-04 13:00,01F0956N,42,0.0,0
2021-06-04 13:00,01F0956N,5,0.0,0
2021-06-04 13:00,01F0979N,31,0.0,0
2021-06-04 13:00,01F0979N,32,0.0,0
2021-06-04 13:00,01F0979N,41,0.0,0
2021-06-04 13:00,01F0979N,42,0.0,0
2021-06-04 13:00,01F0979N,5,0.0,0
2021-06-04 13:00,01F0980S,31,48.3,633
2021-06-04 13:00,01F0980S,32,45.9,282
2021-06-04 13:00,01F0980S,41,66.2,10
2021-06-04 13:00,01F0980S,42,39.6,65
2021-06-04 13:00,01F0980S,5,33.3,50
2021-06-04 13:00,01F1045N,31,31.0,312
2021-06-04 13:00,01F1045N,32,31.5,132
2021-06-04 13:00,01F1045N,41,85.3,1
2021-06-04 13:00,01F1045N,42,31.9,31
2021-06-04 13:00,01F1045N,5,36.9,12
2021-06-04 13:00,01F1045S,31,74.8,1
2021-06-04 13:00,01F1045S,32,0.0,0
2021-06-04 13:00,01F1045S,41,0.0,0
2021-06-04 13:00,01F1045S,42,0.0,0
2021-06-04 13:00,01F1045S,5,0.0,0
2021-06-04 13:00,01F1123N,31,38.3,110
2021-06-04 13:00,01F1123N,32,43.2,71
2021-06-04 13:00,01F1123N,41,0.0,0
2021-06-04 13:00,01F1123N,42,49.2,9
2021-06-04 13:00,01F1123N,5,30.9,3
2021-06-04 13:00,01F1123S,31,54.3,129
2021-06-04 13:00,01F1123S,32,50.8,57
2021-06-04 13:00,01F1123S,41,0.0,0
2021-06-04 13:00,01F1123S,42,67.1,22
2021-06-04 13:00,01F1123S,5,35.4,6
2021-06-04 13:00,01F1292N,31,53.1,70
2021-06-04 13:00,01F1292N,32,50.2,39
2021-06-04 13:00,01F1292N,41,65.0,2
2021-06-04 13:00,01F1292N,42,55.1,10
2021-06-04 13:00,01F1292N,5,48.9,5
2021-06-04 13:00,01F1292S,31,39.9,23
2021-06-04 13:00,01F1292S,32,34.1,9
2021-06-04 13:00,01F1292S,41,0.0,0
2021-06-04 13:00,01F1292S,42,78.1,3
2021-06-04 13:00,01F1292S,5,44.2,4
2021-06-04 13:00,01F1389N,31,51.9,25
2021-06-04 13:00,01F1389N,32,53.7,30
2021-06-04 13:00,01F1389N,41,0.0,0
2021-06-04 13:00,01F1389N,42,48.6,4
2021-06-04 13:00,01F1389N,5,31.9,5
2021-06-04 13:00,01F1389S,31,46.1,147
2021-06-04 13:00,01F1389S,32,41.2,68
2021-06-04 13:00,01F1389S,41,0.0,0
2021-06-04 13:00,01F1389S,42,42.2,5
2021-06-04 13:00,01F1389S,5,62.6,2
2021-06-04 13:00,01F1465N,31,45.4,67
2021-06-04 13:00,01F1465N,32,53.2,43
2021-06-04 13:00,01F1465N,41,0.0,0
2021-06-04 13:00,01F1465N,42,62.0,25
2021-06-04 13:00,01F1465N,5,60.6,11
2021-06-04 13:00,01F1465S,31,41.9,64
2021-06-04 13:00,01F1465S,32,30.9,34
2021-06-04 13:00,01F1465S,41,0.0,0
2021-06-04 13:00,01F1465S,42,54.1,13
2021-06-04 13:00,01F1465S,5,42.6,24
2021-06-04 13:00,01F1572N,31,65.8,38
2021-06-04 13:00,01F1572N,32,65.7,19
2021-06-04 13:00,01F1572N,41,0.0,0
2021-06-04 13:00,01F1572N,42,50.4,9
2021-06-04 13:00,01F1572N,5,93.4,4
2021-06-04 13:00,01F1572S,31,31.6,72
2021-06-04 13:00,01F1572S,32,24.4,45
2021-06-04 13:00,01F1572S,41,0.0,0
2021-06-04 13:00,01F1572S,42,41.2,11
2021-06-04 13:00,01F1572S,5,15.3,1
2021-06-04 13:00,01F1621N,31,60.7,76
2021-06-04 13:00,01F1621N,32,40.8,27
2021-06-04 13:00,01F1621N,41,4.9,1
2021-06-04 13:00,01F1621N,42,47.3,17
2021-06-04 13:00,01F1621N,5,24.8,29
2021-06-04 13:00,01F1621S,31,20.7,216
2021-06-04 13:00,01F1621S,32,22.9,147
2021-06-04 13:00,01F1621S,41,0.0,0
2021-06-04 13:00,01F1621S,42,35.8,27
2021-06-04 13:00,01F1621S,5,36.7,30
2021-06-04 13:00,01F1664N,31,31.5,245
2021-06-04 13:00,01F1664N,32,24.1,224
2021-06-04 13:00,01F1664N,41,0.0,0
2021-06-04 13:00,01F1664N,42,22.9,70
2021-06-04 13:00,01F1664N,5,24.2,13
2021-06-04 13:00,01F1664S,31,18.1,401
2021-06-04 13:00,01F1664S,32,14.8,306
2021-06-04 13:00,01F1664S,41,12.2,5
2021-06-04 13:00,01F1664S,42,20.2,101
2021-06-04 13:00,01F1664S,5,24.9,36
2021-06-04 13:00,01F1699N,31,49.8,646
2021-06-04 13:00,01F1699N,32,41.8,373
2021-06-04 13:00,01F1699N,41,77.2,9
2021-06-04 13:00,01F1699N,42,43.6,76
2021-06-04 13:00,01F1699N,5,40.4,27
2021-06-04 13:00,01F1699S,31,20.6,410
2021-06-04 13:00,01F1699S,32,25.5,242
2021-06-04 13:00,01F1699S,41,9.0,3
2021-06-04 13:00,01F1699S,42,36.5,57
2021-06-04 13:00,01F1699S,5,89.7,3
2021-06-04 13:00,01F1774N,31,46.1,601
2021-06-04 13:00,01F1774N,32,37.7,245
2021-06-04 13:00,01F1774N,41,72.5,8
2021-06-04 13:00,01F1774N,42,33.0,48
2021-06-04 13:00,01F1774N,5,31.6,11
2021-06-04 13:00,01F1774S,31,33.9,290
2021-06-04 13:00,01F1774S,32,27.5,219
2021-06-04 13:00,01F1774S,41,69.6,1
2021-06-04 13:00,01F1774S,42,34.4,63
2021-06-04 13:00,01F1774S,5,27.9,27
2021-06-04 13:00,01F1802N,31,44.0,371
2021-06-04 13:00,01F1802N,32,34.0,217
2021-06-04 13:00,01F1802N,41,0.0,0
2021-06-04 13:00,01F1802N,42,55.0,48
2021-06-04 13:00,01F1802N,5,59.0,15
2021-06-04 13:00,01F1802S,31,46.2,460
2021-06-04 13:00,01F1802S,32,41.8,196
2021-06-04 13:00,01F1802S,41,109.8,5
2021-06-04 13:00,01F1802S,42,42.6,29
2021-06-04 13:00,01F1802S,5,59.6,15
2021-06-04 13:00,01F1839N,31,22.3,205
2021-06-04 13:00,01F1839N,32,30.4,157
2021-06-04 13:00,01F1839N,41,10.8,1
2021-06-04 13:00,01F1839N,42,33.5,42
2021-06-04 13:00,01F1839N,5,18.7,43
2021-06-04 13:00,01F1839S,31,43.1,348
2021-06-04 13:00,01F1839S,32,36.3,200
2021-06-04 13:00,01F1839S,41,0.0,0
2021-06-04 13:00,01F1839S,42,47.7,60
2021-06-04 13:00,01F1839S,5,26.0,20
2021-06-04 13:00,01F1906N,31,0.0,0
2021-06-04 13:00,01F1906N,32,0.0,0
2021-06-04 13:00,01F1906N,41,0.0,0
2021-06-04 13:00,01F1906N,42,0.0,0
2021-06-04 13:00,01F1906N,5,0.0,0
2021-06-04 13:00,01F1906S,31,35.4,154
2021-06-04 13:00,01F1906S,32,25.9,154
2021-06-04 13:00,01F1906S,41,0.0,0
2021-06-04 13:00,01F1906S,42,32.3,61
2021-06-04 13:00,01F1906S,5,44.0,24
2021-06-04 13:00,01F1960N,31,27.2,596
2021-06-04 13:00,01F1960N,32,25.5,354
2021-06-04 13:00,01F1960N,41,19.7,2
2021-06-04 13:00,01F1960N,42,26.2,106
2021-06-04 13:00,01F1960N,5,26.8,25
2021-06-04 13:00,01F1960S,31,51.0,1
2021-06-04 13:00,01F1960S,32,0.0,0
2021-06-04 13:00,01F1960S,41,0.0,0
2021-06-04 13:00,01F1960S,42,0.0,0
2021-06-04 13:00,01F1960S,5,0.0,0
2021-06-04 13:00,01F2011N,31,27.5,357
2021-06-04 13:00,01F2011N,32,26.1,248
2021-06-04 13:00,01F2011N,41,29.1,1
2021-06-04 13:00,01F2011N,42,35.8,83
2021-06-04 13:00,01F2011N,5,52.4,24
2021-06-04 13:00,01F2011S,31,29.3,331
2021-06-04 13:00,01F2011S,32,25.4,233
2021-06-04 13:00,01F2011S,41,32.3,3
2021-06-04 13:00,01F2011S,42,40.1,50
2021-06-04 13:00,01F2011S,5,47.6,6
2021-06-04 13:00,01F2089N,31,27.1,237
2021-06-04 13:00,01F2089N,32,26.5,175
2021-06-04 13:00,01F2089N,41,71.5,3
2021-06-04 13:00,01F2089N,42,36.5,50
2021-06-04 13:00,01F2089N,5,29.1,13
2021-06-04 13:00,01F2089S,31,40.4,203
2021-06-04 13:00,01F2089S,32,29.7,211
2021-06-04 13:00,01F2089S,41,36.1,1
2021-06-04 13:00,01F2089S,42,46.3,76
2021-06-04 13:00,01F2089S,5,50.3,41
2021-06-04 13:00,01F2156N,31,40.4,268
2021-06-04 13:00,01F2156N,32,30.1,157
2021-06-04 13:00,01F2156N,41,28.8,3
2021-06-04 13:00,01F2156N,42,41.1,49
2021-06-04 13:00,01F2156N,5,37.4,24
2021-06-04 13:00,01F2156S,31,46.8,56
2021-06-04 13:00,01F2156S,32,33.3,56
2021-06-04 13:00,01F2156S,41,25.0,1
2021-06-04 13:00,01F2156S,42,35.4,22
2021-06-04 13:00,01F2156S,5,80.6,9
2021-06-04 13:00,01F2249N,31,55.4,86
2021-06-04 13:00,01F2249N,32,51.8,82
2021-06-04 13:00,01F2249N,41,0.0,0
2021-06-04 13:00,01F2249N,42,60.6,52
2021-06-04 13:00,01F2249N,5,48.9,10
2021-06-04 13:00,01F2249S,31,46.1,72
2021-06-04 13:00,01F2249S,32,42.2,59
2021-06-04 13:00,01F2249S,41,0.0,0
2021-06-04 13:00,01F2249S,42,56.0,43
2021-06-04 13:00,01F2249S,5,82.2,3
2021-06-04 13:00,01F2322N,31,55.3,88
2021-06-04 13:00,01F2322N,32,45.0,58
2021-06-04 13:00,01F2322N,41,0.0,0
2021-06-04 13:00,01F2322N,42,36.9,26
2021-06-04 13:00,01F2322N,5,61.5,32
2021-06-04 13:00,01F2322S,31,35.6,117
2021-06-04 13:00,01F2322S,32,35.3,79
2021-06-04 13:00,01F2322S,41,20.5,1
2021-06-04 13:00,01F2322S,42,33.5,31
2021-06-04 13:00,01F2322S,5,60.7,13
2021-06-04 13:00,01F2394N,31,55.7,149
2021-06-04 13:00,01F2394N,32,43.7,94
2021-06-04 13:00,01F2394N,41,130.6,2
2021-06-04 13:00,01F2394N,42,39.3,25
2021-06-04 13:00,01F2394N,5,81.6,7
2021-06-04 13:00,01F2394S,31,33.1,48
2021-06-04 13:00,01F2394S,32,19.5,30
2021-06-04 13:00,01F2394S,41,0.0,0
2021-06-04 13:00,01F2394S,42,17.2,13
2021-06-04 13:00,01F2394S,5,75.1,3
2021-06-04 13:00,01F2425N,31,53.1,217
2021-06-04 13:00,01F2425N,32,38.7,176
2021-06-04 13:00,01F2425N,41,36.4,2
2021-06-04 13:00,01F2425N,42,56.2,76
2021-06-04 13:00,01F2425N,5,37.2,30
2021-06-04 13:00,01F2425S,31,28.0,147
2021-06-04 13:00,01F2425S,32,29.6,94
2021-06-04 13:00,01F2425S,41,0.0,0
2021-06-04 13:00,01F2425S,42,31.0,36
2021-06-04 13:00,01F2425S,5,62.4,15
2021-06-04 13:00,01F2483N,31,48.0,71
2021-06-04 13:00,01F2483N,32,22.8,39
2021-06-04 13:00,01F2483N,41,0.0,0
2021-06-04 13:00,01F2483N,42,43.5,19
2021-06-04 13:00,01F2483N,5,53.1,5
2021-06-04 13:00,01F2483S,31,31.9,174
2021-06-04 13:00,01F2483S,32,36.8,105
2021-06-04 13:00,01F2483S,41,20.5,2
2021-06-04 13:00,01F2483S,42,42.6,40
2021-06-04 13:00,01F2483S,5,47.1,36
2021-06-04 13:00,01F2514N,31,64.8,154
2021-06-04 13:00,01F2514N,32,49.7,75
2021-06-04 13:00,01F2514N,41,0.0,0
2021-06-04 13:00,01F2514N,42,57.5,35
2021-06-04 13:00,01F2514N,5,86.6,19
2021-06-04 13:00,01F2514S,31,29.3,67
2021-06-04 13:00,01F2514S,32,30.3,44
2021-06-04 13:00,01F2514S,41,0.0,0
2021-06-04 13:00,01F2514S,42,34.8,21
2021-06-04 13:00,01F2514S,5,59.3,7
2021-06-04 13:00,01F2603N,31,46.5,280
2021-06-04 13:00,01F2603N,32,43.5,143
2021-06-04 13:00,01F2603N,41,161.0,3
2021-06-04 13:00,01F2603N,42,42.5,35
2021-06-04 13:00,01F2603N,5,37.5,19
2021-06-04 13:00,01F2603S,31,30.3,137
2021-06-04 13:00,01F2603S,32,30.9,65
2021-06-04 13:00,01F2603S,41,0.0,0
2021-06-04 13:00,01F2603S,42,39.7,31
2021-06-04 13:00,01F2603S,5,87.6,14
2021-06-04 13:00,01F2674N,31,52.1,73
2021-06-04 13:00,01F2674N,32,33.2,48
2021-06-04 13:00,01F2674N,41,0.0,0
2021-06-04 13:00,01F2674N,42,57.4,13
2021-06-04 13:00,01F2674N,5,74.0,4
2021-06-04 13:00,01F2674S,31,38.4,177
2021-06-04 13:00,01F2674S,32,35.7,94
2021-06-04 13:00,01F2674S,41,6.1,1
2021-06-04 13:00,01F2674S,42,42.0,49
2021-06-04 13:00,01F2674S,5,33.0,48
2021-06-04 13:00,01F2714N,31,55.0,145
2021-06-04 13:00,01F2714N,32,37.5,116
2021-06-04 13:00,01F2714N,41,0.0,0
2021-06-04 13:00,01F2714N,42,48.8,44
2021-06-04 13:00,01F2714N,5,32.0,49
2021-06-04 13:00,01F2714S,31,29.0,57
2021-06-04 13:00,01F2714S,32,36.3,36
2021-06-04 13:00,01F2714S,41,0.0,0
2021-06-04 13:00,01F2714S,42,47.5,15
2021-06-04 13:00,01F2714S,5,40.7,9
2021-06-04 13:00,01F2827N,31,55.2,20
2021-06-04 13:00,01F2827N,32,49.5,20
2021-06-04 13:00,01F2827N,41,0.0,0
2021-06-04 13:00,01F2827N,42,64.3,7
2021-06-04 13:00,01F2827N,5,193.0,1
2021-06-04 13:00,01F2827S,31,44.4,163
2021-06-04 13:00,01F2827S,32,49.0,84
2021-06-04 13:00,01F2827S,41,63.8,2
2021-06-04 13:00,01F2827S,42,44.7,29
2021-06-04 13:00,01F2827S,5,69.9,10
2021-06-04 13:00,01F2866N,31,52.2,98
2021-06-04 13:00,01F2866N,32,50.3,66
2021-06-04 13:00,01F2866N,41,193.0,1
2021-06-04 13:00,01F2866N,42,79.0,21
2021-06-04 13:00,01F2866N,5,68.5,14
2021-06-04 13:00,01F2866S,31,37.2,10
2021-06-04 13:00,01F2866S,32,51.2,7
2021-06-04 13:00,01F2866S,41,0.0,0
2021-06-04 13:00,01F2866S,42,51.3,9
2021-06-04 13:00,01F2866S,5,65.4,1
2021-06-04 13:00,01F2930N,31,52.2,82
2021-06-04 13:00,01F2930N,32,50.9,47
2021-06-04 13:00,01F2930N,41,26.7,1
2021-06-04 13:00,01F2930N,42,94.2,24
2021-06-04 13:00,01F2930N,5,63.8,20
2021-06-04 13:00,01F2930S,31,34.1,309
2021-06-04 13:00,01F2930S,32,33.3,183
2021-06-04 13:00,01F2930S,41,0.0,0
2021-06-04 13:00,01F2930S,42,38.1,53
2021-06-04 13:00,01F2930S,5,62.8,51
2021-06-04 13:00,01F3019N,31,40.6,129
2021-06-04 13:00,01F3019N,32,44.9,81
2021-06-04 13:00,01F3019N,41,30.8,1
2021-06-04 13:00,01F3019N,42,39.6,31
2021-06-04 13:00,01F3019N,5,52.4,8
2021-06-04 13:00,01F3019S,31,33.5,190
2021-06-04 13:00,01F3019S,32,31.9,105
2021-06-04 13:00,01F3019S,41,0.0,0
2021-06-04 13:00,01F3019S,42,35.8,51
2021-06-04 13:00,01F3019S,5,49.5,164
2021-06-04 13:00,01F3083N,31,89.8,95
2021-06-04 13:00,01F3083N,32,80.3,75
2021-06-04 13:00,01F3083N,41,0.0,0
2021-06-04 13:00,01F3083N,42,88.8,41
2021-06-04 13:00,01F3083N,5,58.8,37
2021-06-04 13:00,01F3083S,31,28.7,233
2021-06-04 13:00,01F3083S,32,26.8,127
2021-06-04 13:00,01F3083S,41,65.9,1
2021-06-04 13:00,01F3083S,42,32.5,34
2021-06-04 13:00,01F3083S,5,55.0,19
2021-06-04 13:00,01F3126N,31,54.3,145
2021-06-04 13:00,01F3126N,32,53.2,106
2021-06-04 13:00,01F3126N,41,0.0,0
2021-06-04 13:00,01F3126N,42,61.4,38
2021-06-04 13:00,01F3126N,5,77.9,15
2021-06-04 13:00,01F3126S,31,21.4,133
2021-06-04 13:00,01F3126S,32,23.1,76
2021-06-04 13:00,01F3126S,41,0.0,0
2021-06-04 13:00,01F3126S,42,29.3,27
2021-06-04 13:00,01F3126S,5,41.1,79
2021-06-04 13:00,01F3185N,31,51.3,421
2021-06-04 13:00,01F3185N,32,43.6,194
2021-06-04 13:00,01F3185N,41,278.4,5
2021-06-04 13:00,01F3185N,42,47.0,48
2021-06-04 13:00,01F3185N,5,59.8,13
2021-06-04 13:00,01F3185S,31,20.9,461
2021-06-04 13:00,01F3185S,32,20.2,294
2021-06-04 13:00,01F3185S,41,8.0,2
2021-06-04 13:00,01F3185S,42,23.7,100
2021-06-04 13:00,01F3185S,5,43.3,71
2021-06-04 13:00,01F3227N,31,44.4,463
2021-06-04 13:00,01F3227N,32,34.1,202
2021-06-04 13:00,01F3227N,41,46.5,13
2021-06-04 13:00,01F3227N,42,35.8,33
2021-06-04 13:00,01F3227N,5,47.2,4
2021-06-04 13:00,01F3227S,31,22.6,412
2021-06-04 13:00,01F3227S,32,21.4,273
2021-06-04 13:00,01F3227S,41,0.0,0
2021-06-04 13:00,01F3227S,42,22.4,90
2021-06-04 13:00,01F3227S,5,42.4,68
2021-06-04 13:00,01F3252N,31,43.1,238
2021-06-04 13:00,01F3252N,32,30.9,158
2021-06-04 13:00,01F3252N,41,27.9,2
2021-06-04 13:00,01F3252N,42,55.2,26
2021-06-04 13:00,01F3252N,5,48.2,7
2021-06-04 13:00,01F3252S,31,18.7,1
2021-06-04 13:00,01F3252S,32,0.0,0
2021-06-04 13:00,01F3252S,41,0.0,0
2021-06-04 13:00,01F3252S,42,0.0,0
2021-06-04 13:00,01F3252S,5,0.0,0
2021-06-04 13:00,01F3286N,31,22.9,391
2021-06-04 13:00,01F3286N,32,23.6,263
2021-06-04 13:00,01F3286N,41,0.0,0
2021-06-04 13:00,01F3286N,42,31.6,78
2021-06-04 13:00,01F3286N,5,36.1,45
2021-06-04 13:00,01F3286S,31,22.7,581
2021-06-04 13:00,01F3286S,32,23.6,300
2021-06-04 13:00,01F3286S,41,27.8,7
2021-06-04 13:00,01F3286S,42,23.4,54
2021-06-04 13:00,01F3286S,5,18.0,27
2021-06-04 13:00,01F3366N,31,36.9,150
2021-06-04 13:00,01F3366N,32,29.1,99
2021-06-04 13:00,01F3366N,41,0.0,0
2021-06-04 13:00,01F3366N,42,29.2,37
2021-06-04 13:00,01F3366N,5,68.3,21
2021-06-04 13:00,01F3366S,31,27.5,412
2021-06-04 13:00,01F3366S,32,26.5,282
2021-06-04 13:00,01F3366S,41,0.0,0
2021-06-04 13:00,01F3366S,42,23.7,78
2021-06-04 13:00,01F3366S,5,31.2,85
2021-06-04 13:00,01F3398N,31,40.7,146
2021-06-04 13:00,01F3398N,32,32.3,161
2021-06-04 13:00,01F3398N,41,48.2,5
2021-06-04 13:00,01F3398N,42,40.6,103
2021-06-04 13:00,01F3398N,5,45.8,116
2021-06-04 13:00,01F3398S,31,22.3,176
2021-06-04 13:00,01F3398S,32,21.1,132
2021-06-04 13:00,01F3398S,41,0.0,0
2021-06-04 13:00,01F3398S,42,17.3,52
2021-06-04 13:00,01F3398S,5,24.0,39
2021-06-04 13:00,01F3460N,31,50.3,131
2021-06-04 13:00,01F3460N,32,33.6,109
2021-06-04 13:00,01F3460N,41,0.0,0
2021-06-04 13:00,01F3460N,42,52.2,43
2021-06-04 13:00,01F3460N,5,24.5,26
2021-06-04 13:00,01F3460S,31,20.0,137
2021-06-04 13:00,01F3460S,32,18.8,113
2021-06-04 13:00,01F3460S,41,31.3,3
2021-06-04 13:00,01F3460S,42,23.7,63
2021-06-04 13:00,01F3460S,5,26.3,82
2021-06-04 13:00,01F3525N,31,44.7,409
2021-06-04 13:00,01F3525N,32,32.8,359
2021-06-04 13:00,01F3525N,41,238.3,6
2021-06-04 13:00,01F3525N,42,53.2,135
2021-06-04 13:00,01F3525N,5,46.6,103
2021-06-04 13:00,01F3525S,31,14.6,461
2021-06-04 13:00,01F3525S,32,14.3,325
2021-06-04 13:00,01F3525S,41,20.2,2
2021-06-04 13:00,01F3525S,42,15.6,101
2021-06-04 13:00,01F3525S,5,17.1,76
2021-06-04 13:00,01F3559N,31,6.8,1
2021-06-04 13:00,01F3559N,32,0.0,0
2021-06-04 13:00,01F3559N,41,0.0,0
2021-06-04 13:00,01F3559N,42,0.0,0
2021-06-04 13:00,01F3559N,5,6.8,1
2021-06-04 13:00,01F3561S,31,6.8,1
2021-06-04 13:00,01F3561S,32,6.8,1
2021-06-04 13:00,01F3561S,41,0.0,0
2021-06-04 13:00,01F3561S,42,0.0,0
2021-06-04 13:00,01F3561S,5,0.0,0
2021-06-04 13:00,01F3590N,31,42.6,648
2021-06-04 13:00,01F3590N,32,34.5,306
2021-06-04 13:00,01F3590N,41,18.9,2
2021-06-04 13:00,01F3590N,42,34.0,58
2021-06-04 13:00,01F3590N,5,32.4,23
2021-06-04 13:00,01F3590S,31,10.9,690
2021-06-04 13:00,01F3590S,32,10.9,425
2021-06-04 13:00,01F3590S,41,11.2,3
2021-06-04 13:00,01F3590S,42,11.4,120
2021-06-04 13:00,01F3590S,5,14.8,113
2021-06-04 13:00,01F3640N,31,32.5,1601
2021-06-04 13:00,01F3640N,32,25.2,749
2021-06-04 13:00,01F3640N,41,30.4,11
2021-06-04 13:00,01F3640N,42,26.4,108
2021-06-04 13:00,01F3640N,5,51.1,24
2021-06-04 13:00,01F3640S,31,6.2,1335
2021-06-04 13:00,01F3640S,32,6.5,680
2021-06-04 13:00,01F3640S,41,5.5,4
2021-06-04 13:00,01F3640S,42,6.7,116
2021-06-04 13:00,01F3640S,5,7.9,113
2021-06-04 13:00,01F3676N,31,0.0,0
2021-06-04 13:00,01F3676N,32,0.0,0
2021-06-04 13:00,01F3676N,41,0.0,0
2021-06-04 13:00,01F3676N,42,0.0,0
2021-06-04 13:00,01F3676N,5,5.5,2
2021-06-04 13:00,01F3676S,31,2.2,1
2021-06-04 13:00,01F3676S,32,0.0,0
2021-06-04 13:00,01F3676S,41,0.0,0
2021-06-04 13:00,01F3676S,42,0.0,0
2021-06-04 13:00,01F3676S,5,0.0,0
2021-06-04 13:00,01F3686S,31,2.4,730
2021-06-04 13:00,01F3686S,32,2.4,358
2021-06-04 13:00,01F3686S,41,2.2,1
2021-06-04 13:00,01F3686S,42,2.4,39
2021-06-04 13:00,01F3686S,5,3.0,25
2021-06-04 13:00,01F3696N,31,18.2,1936
2021-06-04 13:00,01F3696N,32,17.4,1141
2021-06-04 13:00,01F3696N,41,51.0,11
2021-06-04 13:00,01F3696N,42,30.1,307
2021-06-04 13:00,01F3696N,5,50.0,432
2021-06-04 13:00,01F3736N,31,21.6,112
2021-06-04 13:00,01F3736N,32,14.4,93
2021-06-04 13:00,01F3736N,41,7.0,1
2021-06-04 13:00,01F3736N,42,44.7,25
2021-06-04 13:00,01F3736N,5,40.2,427
2021-06-04 13:00,01F3736S,31,2.6,28
2021-06-04 13:00,01F3736S,32,2.6,10
2021-06-04 13:00,01F3736S,41,0.0,0
2021-06-04 13:00,01F3736S,42,2.6,6
2021-06-04 13:00,01F3736S,5,2.6,90
2021-06-04 13:00,01H0163S,31,21.9,130
2021-06-04 13:00,01H0163S,32,23.9,121
2021-06-04 13:00,01H0163S,41,28.4,1
2021-06-04 13:00,01H0163S,42,0.0,0
2021-06-04 13:00,01H0163S,5,0.0,0
2021-06-04 13:00,01H0174N,31,13.9,322
2021-06-04 13:00,01H0174N,32,14.5,115
2021-06-04 13:00,01H0174N,41,16.4,9
2021-06-04 13:00,01H0174N,42,0.0,0
2021-06-04 13:00,01H0174N,5,0.0,0
2021-06-04 13:00,01H0200N,31,0.0,0
2021-06-04 13:00,01H0200N,32,0.0,0
2021-06-04 13:00,01H0200N,41,0.0,0
2021-06-04 13:00,01H0200N,42,0.0,0
2021-06-04 13:00,01H0200N,5,0.0,0
2021-06-04 13:00,01H0206S,31,38.8,558
2021-06-04 13:00,01H0206S,32,32.8,257
2021-06-04 13:00,01H0206S,41,40.8,4
2021-06-04 13:00,01H0206S,42,42.5,2
2021-06-04 13:00,01H0206S,5,0.0,0
2021-06-04 13:00,01H0208N,31,0.0,0
2021-06-04 13:00,01H0208N,32,0.0,0
2021-06-04 13:00,01H0208N,41,0.0,0
2021-06-04 13:00,01H0208N,42,0.0,0
2021-06-04 13:00,01H0208N,5,0.0,0
2021-06-04 13:00,01H0271N,31,16.8,701
2021-06-04 13:00,01H0271N,32,18.0,563
2021-06-04 13:00,01H0271N,41,31.3,5
2021-06-04 13:00,01H0271N,42,20.7,6
2021-06-04 13:00,01H0271N,5,0.0,0
2021-06-04 13:00,01H0305S,31,35.1,562
2021-06-04 13:00,01H0305S,32,25.6,354
2021-06-04 13:00,01H0305S,41,47.2,7
2021-06-04 13:00,01H0305S,42,6.0,3
2021-06-04 13:00,01H0305S,5,100.1,1
2021-06-04 13:00,01H0333N,31,77.6,1
2021-06-04 13:00,01H0333N,32,0.0,0
2021-06-04 13:00,01H0333N,41,0.0,0
2021-06-04 13:00,01H0333N,42,0.0,0
2021-06-04 13:00,01H0333N,5,0.0,0
2021-06-04 13:00,01H0334S,31,124.1,1
2021-06-04 13:00,01H0334S,32,0.0,0
2021-06-04 13:00,01H0334S,41,0.0,0
2021-06-04 13:00,01H0334S,42,0.0,0
2021-06-04 13:00,01H0334S,5,0.0,0
2021-06-04 13:00,01H0447N,31,28.5,296
2021-06-04 13:00,01H0447N,32,28.4,193
2021-06-04 13:00,01H0447N,41,30.1,6
2021-06-04 13:00,01H0447N,42,16.5,1
2021-06-04 13:00,01H0447N,5,0.0,0
2021-06-04 13:00,01H0447S,31,53.4,2
2021-06-04 13:00,01H0447S,32,35.8,2
2021-06-04 13:00,01H0447S,41,0.0,0
2021-06-04 13:00,01H0447S,42,16.5,1
2021-06-04 13:00,01H0447S,5,0.0,0
2021-06-04 13:00,01H0579N,31,33.0,173
2021-06-04 13:00,01H0579N,32,31.5,82
2021-06-04 13:00,01H0579N,41,20.8,2
2021-06-04 13:00,01H0579N,42,22.6,2
2021-06-04 13:00,01H0579N,5,0.0,0
2021-06-04 13:00,01H0579S,31,58.1,150
2021-06-04 13:00,01H0579S,32,46.4,109
2021-06-04 13:00,01H0579S,41,30.2,2
2021-06-04 13:00,01H0579S,42,0.0,0
2021-06-04 13:00,01H0579S,5,0.0,0
2021-06-04 13:00,01H0608N,31,28.6,178
2021-06-04 13:00,01H0608N,32,27.9,73
2021-06-04 13:00,01H0608N,41,0.0,0
2021-06-04 13:00,01H0608N,42,0.0,0
2021-06-04 13:00,01H0608N,5,0.0,0
2021-06-04 13:00,01H0610S,31,0.0,0
2021-06-04 13:00,01H0610S,32,0.0,0
2021-06-04 13:00,01H0610S,41,0.0,0
2021-06-04 13:00,01H0610S,42,0.0,0
2021-06-04 13:00,01H0610S,5,0.0,0
2021-06-04 13:00,03A0015N,31,3.6,175
2021-06-04 13:00,03A0015N,32,3.6,67
2021-06-04 13:00,03A0015N,41,3.6,2
2021-06-04 13:00,03A0015N,42,3.6,21
2021-06-04 13:00,03A0015N,5,3.6,2
2021-06-04 13:00,03A0015S,31,14.6,524
2021-06-04 13:00,03A0015S,32,16.0,236
2021-06-04 13:00,03A0015S,41,33.9,6
2021-06-04 13:00,03A0015S,42,11.1,25
2021-06-04 13:00,03A0015S,5,23.5,6
2021-06-04 13:00,03A0041N,31,3.9,194
2021-06-04 13:00,03A0041N,32,4.1,84
2021-06-04 13:00,03A0041N,41,1.5,1
2021-06-04 13:00,03A0041N,42,3.3,2
2021-06-04 13:00,03A0041N,5,0.0,0
2021-06-04 13:00,03A0041S,31,21.1,325
2021-06-04 13:00,03A0041S,32,18.6,174
2021-06-04 13:00,03A0041S,41,27.3,5
2021-06-04 13:00,03A0041S,42,12.3,15
2021-06-04 13:00,03A0041S,5,48.7,15
2021-06-04 13:00,03F0006S,31,25.1,480
2021-06-04 13:00,03F0006S,32,23.9,207
2021-06-04 13:00,03F0006S,41,0.0,0
2021-06-04 13:00,03F0006S,42,31.6,45
2021-06-04 13:00,03F0006S,5,25.7,163
2021-06-04 13:00,03F0021N,31,2.4,72
2021-06-04 13:00,03F0021N,32,2.4,61
2021-06-04 13:00,03F0021N,41,0.0,0
2021-06-04 13:00,03F0021N,42,2.4,11
2021-06-04 13:00,03F0021N,5,2.4,60
2021-06-04 13:00,03F0054N,31,10.9,7
2021-06-04 13:00,03F0054N,32,10.9,2
2021-06-04 13:00,03F0054N,41,0.0,0
2021-06-04 13:00,03F0054N,42,10.9,2
2021-06-04 13:00,03F0054N,5,10.9,1
2021-06-04 13:00,03F0087S,31,22.3,40
2021-06-04 13:00,03F0087S,32,23.0,17
2021-06-04 13:00,03F0087S,41,0.0,0
2021-06-04 13:00,03F0087S,42,27.0,6
2021-06-04 13:00,03F0087S,5,43.2,2
2021-06-04 13:00,03F0116N,31,17.1,249
2021-06-04 13:00,03F0116N,32,18.6,143
2021-06-04 13:00,03F0116N,41,20.9,5
2021-06-04 13:00,03F0116N,42,12.7,25
2021-06-04 13:00,03F0116N,5,24.1,34
2021-06-04 13:00,03F0116S,31,17.5,57
2021-06-04 13:00,03F0116S,32,24.6,48
2021-06-04 13:00,03F0116S,41,0.0,0
2021-06-04 13:00,03F0116S,42,37.8,22
2021-06-04 13:00,03F0116S,5,47.2,23
2021-06-04 13:00,03F0136S,31,20.6,470
2021-06-04 13:00,03F0136S,32,23.8,242
2021-06-04 13:00,03F0136S,41,13.2,2
2021-06-04 13:00,03F0136S,42,44.3,27
2021-06-04 13:00,03F0136S,5,62.4,19
2021-06-04 13:00,03F0140N,31,11.2,132
2021-06-04 13:00,03F0140N,32,11.2,65
2021-06-04 13:00,03F0140N,41,3.6,1
2021-06-04 13:00,03F0140N,42,10.1,8
2021-06-04 13:00,03F0140N,5,0.0,0
2021-06-04 13:00,03F0150N,31,3.6,1
2021-06-04 13:00,03F0150N,32,0.0,0
2021-06-04 13:00,03F0150N,41,0.0,0
2021-06-04 13:00,03F0150N,42,0.0,0
2021-06-04 13:00,03F0150N,5,0.0,0
2021-06-04 13:00,03F0158S,31,27.4,468
2021-06-04 13:00,03F0158S,32,28.0,230
2021-06-04 13:00,03F0158S,41,21.4,8
2021-06-04 13:00,03F0158S,42,15.0,26
2021-06-04 13:00,03F0158S,5,27.9,2
2021-06-04 13:00,03F0201N,31,13.5,69
2021-06-04 13:00,03F0201N,32,12.4,41
2021-06-04 13:00,03F0201N,41,69.3,1
2021-06-04 13:00,03F0201N,42,15.6,10
2021-06-04 13:00,03F0201N,5,8.1,1
2021-06-04 13:00,03F0201S,31,4.5,1
2021-06-04 13:00,03F0201S,32,0.0,0
2021-06-04 13:00,03F0201S,41,0.0,0
2021-06-04 13:00,03F0201S,42,0.0,0
2021-06-04 13:00,03F0201S,5,0.0,0
2021-06-04 13:00,03F0217N,31,16.1,208
2021-06-04 13:00,03F0217N,32,17.4,105
2021-06-04 13:00,03F0217N,41,25.2,7
2021-06-04 13:00,03F0217N,42,18.4,4
2021-06-04 13:00,03F0217N,5,14.1,1
2021-06-04 13:00,03F0217S,31,28.1,120
2021-06-04 13:00,03F0217S,32,23.9,89
2021-06-04 13:00,03F0217S,41,40.8,7
2021-06-04 13:00,03F0217S,42,12.3,17
2021-06-04 13:00,03F0217S,5,0.0,0
2021-06-04 13:00,03F0301N,31,17.9,259
2021-06-04 13:00,03F0301N,32,18.8,163
2021-06-04 13:00,03F0301N,41,0.0,0
2021-06-04 13:00,03F0301N,42,14.6,33
2021-06-04 13:00,03F0301N,5,26.9,4
2021-06-04 13:00,03F0301S,31,27.3,263
2021-06-04 13:00,03F0301S,32,23.1,191
2021-06-04 13:00,03F0301S,41,27.6,1
2021-06-04 13:00,03F0301S,42,18.8,17
2021-06-04 13:00,03F0301S,5,15.3,7
2021-06-04 13:00,03F0337S,31,25.4,786
2021-06-04 13:00,03F0337S,32,18.8,430
2021-06-04 13:00,03F0337S,41,41.7,6
2021-06-04 13:00,03F0337S,42,24.6,79
2021-06-04 13:00,03F0337S,5,34.7,36
2021-06-04 13:00,03F0338N,31,18.1,487
2021-06-04 13:00,03F0338N,32,16.3,377
2021-06-04 13:00,03F0338N,41,0.0,0
2021-06-04 13:00,03F0338N,42,10.8,50
2021-06-04 13:00,03F0338N,5,11.7,24
2021-06-04 13:00,03F0394N,31,18.8,375
2021-06-04 13:00,03F0394N,32,18.5,355
2021-06-04 13:00,03F0394N,41,0.0,0
2021-06-04 13:00,03F0394N,42,16.0,39
2021-06-04 13:00,03F0394N,5,22.1,36
2021-06-04 13:00,03F0394S,31,34.9,794
2021-06-04 13:00,03F0394S,32,28.9,594
2021-06-04 13:00,03F0394S,41,96.4,14
2021-06-04 13:00,03F0394S,42,51.7,72
2021-06-04 13:00,03F0394S,5,27.4,18
2021-06-04 13:00,03F0447N,31,11.0,473
2021-06-04 13:00,03F0447N,32,11.5,283
2021-06-04 13:00,03F0447N,41,3.5,2
2021-06-04 13:00,03F0447N,42,13.0,29
2021-06-04 13:00,03F0447N,5,25.1,18
2021-06-04 13:00,03F0447S,31,31.1,861
2021-06-04 13:00,03F0447S,32,20.9,618
2021-06-04 13:00,03F0447S,41,14.9,16
2021-06-04 13:00,03F0447S,42,45.0,111
2021-06-04 13:00,03F0447S,5,41.9,47
2021-06-04 13:00,03F0498N,31,15.9,287
2021-06-04 13:00,03F0498N,32,16.5,214
2021-06-04 13:00,03F0498N,41,12.7,15
2021-06-04 13:00,03F0498N,42,18.9,15
2021-06-04 13:00,03F0498N,5,25.4,19
2021-06-04 13:00,03F0498S,31,11.4,1
2021-06-04 13:00,03F0498S,32,0.0,0
2021-06-04 13:00,03F0498S,41,0.0,0
2021-06-04 13:00,03F0498S,42,11.4,1
2021-06-04 13:00,03F0498S,5,0.0,0
2021-06-04 13:00,03F0525N,31,17.4,679
2021-06-04 13:00,03F0525N,32,16.2,522
2021-06-04 13:00,03F0525N,41,20.8,3
2021-06-04 13:00,03F0525N,42,11.0,81
2021-06-04 13:00,03F0525N,5,18.1,30
2021-06-04 13:00,03F0525S,31,24.2,378
2021-06-04 13:00,03F0525S,32,24.9,378
2021-06-04 13:00,03F0525S,41,26.6,1
2021-06-04 13:00,03F0525S,42,26.4,109
2021-06-04 13:00,03F0525S,5,56.1,48
2021-06-04 13:00,03F0559N,31,22.2,612
2021-06-04 13:00,03F0559N,32,21.5,399
2021-06-04 13:00,03F0559N,41,22.0,5
2021-06-04 13:00,03F0559N,42,20.6,88
2021-06-04 13:00,03F0559N,5,30.2,58
2021-06-04 13:00,03F0559S,31,42.5,407
2021-06-04 13:00,03F0559S,32,29.2,223
2021-06-04 13:00,03F0559S,41,24.9,1
2021-06-04 13:00,03F0559S,42,29.3,46
2021-06-04 13:00,03F0559S,5,68.3,20
2021-06-04 13:00,03F0648N,31,24.5,390
2021-06-04 13:00,03F0648N,32,22.2,263
2021-06-04 13:00,03F0648N,41,25.3,2
2021-06-04 13:00,03F0648N,42,25.5,26
2021-06-04 13:00,03F0648N,5,37.4,16
2021-06-04 13:00,03F0648S,31,44.7,182
2021-06-04 13:00,03F0648S,32,47.8,96
2021-06-04 13:00,03F0648S,41,0.0,0
2021-06-04 13:00,03F0648S,42,88.0,23
2021-06-04 13:00,03F0648S,5,73.0,16
2021-06-04 13:00,03F0698N,31,32.5,16
2021-06-04 13:00,03F0698N,32,28.6,12
2021-06-04 13:00,03F0698N,41,0.0,0
2021-06-04 13:00,03F0698N,42,23.3,5
2021-06-04 13:00,03F0698N,5,0.0,0
2021-06-04 13:00,03F0698S,31,73.5,152
2021-06-04 13:00,03F0698S,32,61.5,68
2021-06-04 13:00,03F0698S,41,0.0,0
2021-06-04 13:00,03F0698S,42,89.5,9
2021-06-04 13:00,03F0698S,5,78.5,7
2021-06-04 13:00,03F0783N,31,31.2,101
2021-06-04 13:00,03F0783N,32,27.0,66
2021-06-04 13:00,03F0783N,41,0.0,0
2021-06-04 13:00,03F0783N,42,36.4,6
2021-06-04 13:00,03F0783N,5,24.4,3
2021-06-04 13:00,03F0783S,31,8.6,2
2021-06-04 13:00,03F0783S,32,0.0,0
2021-06-04 13:00,03F0783S,41,0.0,0
2021-06-04 13:00,03F0783S,42,0.0,0
2021-06-04 13:00,03F0783S,5,329.0,1
2021-06-04 13:00,03F0846N,31,41.3,279
2021-06-04 13:00,03F0846N,32,36.8,135
2021-06-04 13:00,03F0846N,41,47.3,1
2021-06-04 13:00,03F0846N,42,27.8,15
2021-06-04 13:00,03F0846N,5,49.9,14
2021-06-04 13:00,03F0846S,31,40.6,83
2021-06-04 13:00,03F0846S,32,31.6,54
2021-06-04 13:00,03F0846S,41,0.0,0
2021-06-04 13:00,03F0846S,42,47.3,19
2021-06-04 13:00,03F0846S,5,34.5,7
2021-06-04 13:00,03F0961N,31,37.1,83
2021-06-04 13:00,03F0961N,32,36.0,58
2021-06-04 13:00,03F0961N,41,0.0,0
2021-06-04 13:00,03F0961N,42,21.7,9
2021-06-04 13:00,03F0961N,5,28.2,17
2021-06-04 13:00,03F0961S,31,45.3,119
2021-06-04 13:00,03F0961S,32,40.2,74
2021-06-04 13:00,03F0961S,41,0.0,0
2021-06-04 13:00,03F0961S,42,54.3,20
2021-06-04 13:00,03F0961S,5,45.1,16
2021-06-04 13:00,03F0996N,31,0.0,0
2021-06-04 13:00,03F0996N,32,0.0,0
2021-06-04 13:00,03F0996N,41,0.0,0
2021-06-04 13:00,03F0996N,42,0.0,0
2021-06-04 13:00,03F0996N,5,0.0,0
2021-06-04 13:00,03F0996S,31,31.3,153
2021-06-04 13:00,03F0996S,32,26.6,104
2021-06-04 13:00,03F0996S,41,216.3,1
2021-06-04 13:00,03F0996S,42,40.9,28
2021-06-04 13:00,03F0996S,5,22.9,32
2021-06-04 13:00,03F1022N,31,28.9,245
2021-06-04 13:00,03F1022N,32,29.1,115
2021-06-04 13:00,03F1022N,41,0.0,0
2021-06-04 13:00,03F1022N,42,21.6,18
2021-06-04 13:00,03F1022N,5,27.8,9
2021-06-04 13:00,03F1022S,31,0.0,0
2021-06-04 13:00,03F1022S,32,0.0,0
2021-06-04 13:00,03F1022S,41,0.0,0
2021-06-04 13:00,03F1022S,42,0.0,0
2021-06-04 13:00,03F1022S,5,0.0,0
2021-06-04 13:00,03F1051N,31,24.1,218
2021-06-04 13:00,03F1051N,32,29.4,148
2021-06-04 13:00,03F1051N,41,12.8,1
2021-06-04 13:00,03F1051N,42,27.1,58
2021-06-04 13:00,03F1051N,5,49.4,12
2021-06-04 13:00,03F1051S,31,55.5,113
2021-06-04 13:00,03F1051S,32,40.8,49
2021-06-04 13:00,03F1051S,41,211.2,1
2021-06-04 13:00,03F1051S,42,24.1,20
2021-06-04 13:00,03F1051S,5,21.8,22
2021-06-04 13:00,03F1128N,31,28.1,169
2021-06-04 13:00,03F1128N,32,32.6,84
2021-06-04 13:00,03F1128N,41,0.0,0
2021-06-04 13:00,03F1128N,42,29.3,16
2021-06-04 13:00,03F1128N,5,20.4,16
2021-06-04 13:00,03F1128S,31,46.9,64
2021-06-04 13:00,03F1128S,32,52.0,55
2021-06-04 13:00,03F1128S,41,0.0,0
2021-06-04 13:00,03F1128S,42,88.1,35
2021-06-04 13:00,03F1128S,5,82.1,35
2021-06-04 13:00,03F1161N,31,47.3,74
2021-06-04 13:00,03F1161N,32,40.9,57
2021-06-04 13:00,03F1161N,41,0.0,0
2021-06-04 13:00,03F1161N,42,48.6,61
2021-06-04 13:00,03F1161N,5,44.9,118
2021-06-04 13:00,03F1161S,31,0.0,0
2021-06-04 13:00,03F1161S,32,34.7,1
2021-06-04 13:00,03F1161S,41,0.0,0
2021-06-04 13:00,03F1161S,42,0.0,0
2021-06-04 13:00,03F1161S,5,0.0,0
2021-06-04 13:00,03F1215N,31,44.7,37
2021-06-04 13:00,03F1215N,32,30.0,34
2021-06-04 13:00,03F1215N,41,0.0,0
2021-06-04 13:00,03F1215N,42,35.1,11
2021-06-04 13:00,03F1215N,5,31.5,6
2021-06-04 13:00,03F1215S,31,69.7,86
2021-06-04 13:00,03F1215S,32,63.9,74
2021-06-04 13:00,03F1215S,41,0.0,0
2021-06-04 13:00,03F1215S,42,68.7,18
2021-06-04 13:00,03F1215S,5,88.0,12
2021-06-04 13:00,03F1257N,31,38.2,70
2021-06-04 13:00,03F1257N,32,46.7,34
2021-06-04 13:00,03F1257N,41,0.0,0
2021-06-04 13:00,03F1257N,42,35.0,12
2021-06-04 13:00,03F1257N,5,47.9,21
2021-06-04 13:00,03F1257S,31,43.9,10
2021-06-04 13:00,03F1257S,32,40.2,9
2021-06-04 13:00,03F1257S,41,0.0,0
2021-06-04 13:00,03F1257S,42,39.6,7
2021-06-04 13:00,03F1257S,5,47.7,9
2021-06-04 13:00,03F1332N,31,0.0,0
2021-06-04 13:00,03F1332N,32,0.0,0
2021-06-04 13:00,03F1332N,41,0.0,0
2021-06-04 13:00,03F1332N,42,0.0,0
2021-06-04 13:00,03F1332N,5,0.0,0
2021-06-04 13:00,03F1332S,31,49.4,67
2021-06-04 13:00,03F1332S,32,43.5,45
2021-06-04 13:00,03F1332S,41,0.0,0
2021-06-04 13:00,03F1332S,42,33.3,12
2021-06-04 13:00,03F1332S,5,71.1,16
2021-06-04 13:00,03F1395N,31,57.0,69
2021-06-04 13:00,03F1395N,32,61.9,36
2021-06-04 13:00,03F1395N,41,0.0,0
2021-06-04 13:00,03F1395N,42,45.7,11
2021-06-04 13:00,03F1395N,5,76.8,21
2021-06-04 13:00,03F1395S,31,58.4,6
2021-06-04 13:00,03F1395S,32,42.1,5
2021-06-04 13:00,03F1395S,41,0.0,0
2021-06-04 13:00,03F1395S,42,26.6,1
2021-06-04 13:00,03F1395S,5,0.0,0
2021-06-04 13:00,03F1485N,31,57.8,43
2021-06-04 13:00,03F1485N,32,57.9,29
2021-06-04 13:00,03F1485N,41,0.0,0
2021-06-04 13:00,03F1485N,42,86.0,7
2021-06-04 13:00,03F1485N,5,42.4,8
2021-06-04 13:00,03F1485S,31,48.6,44
2021-06-04 13:00,03F1485S,32,40.2,21
2021-06-04 13:00,03F1485S,41,0.0,0
2021-06-04 13:00,03F1485S,42,38.5,9
2021-06-04 13:00,03F1485S,5,116.6,9
2021-06-04 13:00,03F1633N,31,40.8,49
2021-06-04 13:00,03F1633N,32,27.3,32
2021-06-04 13:00,03F1633N,41,0.0,0
2021-06-04 13:00,03F1633N,42,17.4,8
2021-06-04 13:00,03F1633N,5,0.0,0
2021-06-04 13:00,03F1633S,31,29.1,203
2021-06-04 13:00,03F1633S,32,26.8,165
2021-06-04 13:00,03F1633S,41,0.0,0
2021-06-04 13:00,03F1633S,42,37.9,48
2021-06-04 13:00,03F1633S,5,58.8,11
2021-06-04 13:00,03F1651N,31,43.5,78
2021-06-04 13:00,03F1651N,32,34.0,74
2021-06-04 13:00,03F1651N,41,0.0,0
2021-06-04 13:00,03F1651N,42,48.1,22
2021-06-04 13:00,03F1651N,5,90.5,25
2021-06-04 13:00,03F1651S,31,22.8,235
2021-06-04 13:00,03F1651S,32,23.0,157
2021-06-04 13:00,03F1651S,41,20.8,4
2021-06-04 13:00,03F1651S,42,27.3,36
2021-06-04 13:00,03F1651S,5,28.8,15
2021-06-04 13:00,03F1710N,31,5.8,2
2021-06-04 13:00,03F1710N,32,42.9,4
2021-06-04 13:00,03F1710N,41,0.0,0
2021-06-04 13:00,03F1710N,42,18.8,7
2021-06-04 13:00,03F1710N,5,119.9,2
2021-06-04 13:00,03F1710S,31,29.5,121
2021-06-04 13:00,03F1710S,32,31.0,77
2021-06-04 13:00,03F1710S,41,7.1,2
2021-06-04 13:00,03F1710S,42,29.1,35
2021-06-04 13:00,03F1710S,5,17.7,7
2021-06-04 13:00,03F1739N,31,46.3,179
2021-06-04 13:00,03F1739N,32,44.2,116
2021-06-04 13:00,03F1739N,41,9.5,2
2021-06-04 13:00,03F1739N,42,52.5,41
2021-06-04 13:00,03F1739N,5,29.7,7
2021-06-04 13:00,03F1739S,31,58.1,4
2021-06-04 13:00,03F1739S,32,30.7,4
2021-06-04 13:00,03F1739S,41,0.0,0
2021-06-04 13:00,03F1739S,42,64.3,6
2021-06-04 13:00,03F1739S,5,0.0,0
2021-06-04 13:00,03F1779N,31,34.7,183
2021-06-04 13:00,03F1779N,32,33.8,116
2021-06-04 13:00,03F1779N,41,18.6,2
2021-06-04 13:00,03F1779N,42,39.9,34
2021-06-04 13:00,03F1779N,5,25.1,13
2021-06-04 13:00,03F1779S,31,32.6,181
2021-06-04 13:00,03F1779S,32,32.7,123
2021-06-04 13:00,03F1779S,41,0.0,0
2021-06-04 13:00,03F1779S,42,44.2,56
2021-06-04 13:00,03F1779S,5,47.1,55
2021-06-04 13:00,03F1860N,31,40.0,107
2021-06-04 13:00,03F1860N,32,34.2,97
2021-06-04 13:00,03F1860N,41,0.0,0
2021-06-04 13:00,03F1860N,42,46.1,30
2021-06-04 13:00,03F1860N,5,53.0,7
2021-06-04 13:00,03F1860S,31,35.4,223
2021-06-04 13:00,03F1860S,32,30.3,180
2021-06-04 13:00,03F1860S,41,0.0,0
2021-06-04 13:00,03F1860S,42,33.5,83
2021-06-04 13:00,03F1860S,5,61.5,50
2021-06-04 13:00,03F1941N,31,5.2,1
2021-06-04 13:00,03F1941N,32,0.0,0
2021-06-04 13:00,03F1941N,41,0.0,0
2021-06-04 13:00,03F1941N,42,0.0,0
2021-06-04 13:00,03F1941N,5,0.0,0
2021-06-04 13:00,03F1944S,31,21.0,293
2021-06-04 13:00,03F1944S,32,20.8,233
2021-06-04 13:00,03F1944S,41,0.0,0
2021-06-04 13:00,03F1944S,42,30.1,106
2021-06-04 13:00,03F1944S,5,77.8,125
2021-06-04 13:00,03F1991S,31,27.9,1
2021-06-04 13:00,03F1991S,32,0.0,0
2021-06-04 13:00,03F1991S,41,0.0,0
2021-06-04 13:00,03F1991S,42,0.0,0
2021-06-04 13:00,03F1991S,5,0.0,0
2021-06-04 13:00,03F1992N,31,30.4,272
2021-06-04 13:00,03F1992N,32,24.8,192
2021-06-04 13:00,03F1992N,41,0.0,0
2021-06-04 13:00,03F1992N,42,39.0,44
2021-06-04 13:00,03F1992N,5,34.3,38
2021-06-04 13:00,03F2066N,31,18.6,130
2021-06-04 13:00,03F2066N,32,21.8,212
2021-06-04 13:00,03F2066N,41,0.0,0
2021-06-04 13:00,03F2066N,42,29.6,97
2021-06-04 13:00,03F2066N,5,32.3,44
2021-06-04 13:00,03F2066S,31,25.0,569
2021-06-04 13:00,03F2066S,32,17.8,302
2021-06-04 13:00,03F2066S,41,19.2,10
2021-06-04 13:00,03F2066S,42,17.4,79
2021-06-04 13:00,03F2066S,5,20.8,52
2021-06-04 13:00,03F2078N,31,30.3,211
2021-06-04 13:00,03F2078N,32,23.3,190
2021-06-04 13:00,03F2078N,41,0.0,0
2021-06-04 13:00,03F2078N,42,28.6,65
2021-06-04 13:00,03F2078N,5,20.5,24
2021-06-04 13:00,03F2079S,31,16.6,129
2021-06-04 13:00,03F2079S,32,13.1,113
2021-06-04 13:00,03F2079S,41,72.1,1
2021-06-04 13:00,03F2079S,42,27.3,40
2021-06-04 13:00,03F2079S,5,10.6,15
2021-06-04 13:00,03F2100N,31,25.4,323
2021-06-04 13:00,03F2100N,32,20.6,265
2021-06-04 13:00,03F2100N,41,9.2,2
2021-06-04 13:00,03F2100N,42,25.2,63
2021-06-04 13:00,03F2100N,5,26.8,41
2021-06-04 13:00,03F2100S,31,30.3,270
2021-06-04 13:00,03F2100S,32,18.2,130
2021-06-04 13:00,03F2100S,41,21.4,4
2021-06-04 13:00,03F2100S,42,26.9,35
2021-06-04 13:00,03F2100S,5,21.2,11
2021-06-04 13:00,03F2125N,31,18.5,360
2021-06-04 13:00,03F2125N,32,14.1,205
2021-06-04 13:00,03F2125N,41,8.4,2
2021-06-04 13:00,03F2125N,42,22.3,34
2021-06-04 13:00,03F2125N,5,29.2,65
2021-06-04 13:00,03F2129S,31,30.7,805
2021-06-04 13:00,03F2129S,32,22.8,484
2021-06-04 13:00,03F2129S,41,72.6,4
2021-06-04 13:00,03F2129S,42,31.9,77
2021-06-04 13:00,03F2129S,5,34.5,27
2021-06-04 13:00,03F2152S,31,29.2,120
2021-06-04 13:00,03F2152S,32,27.4,87
2021-06-04 13:00,03F2152S,41,0.0,0
2021-06-04 13:00,03F2152S,42,31.9,34
2021-06-04 13:00,03F2152S,5,44.9,15
2021-06-04 13:00,03F2153N,31,16.7,164
2021-06-04 13:00,03F2153N,32,14.9,109
2021-06-04 13:00,03F2153N,41,0.0,0
2021-06-04 13:00,03F2153N,42,15.9,29
2021-06-04 13:00,03F2153N,5,11.1,11
2021-06-04 13:00,03F2194N,31,14.3,284
2021-06-04 13:00,03F2194N,32,13.5,220
2021-06-04 13:00,03F2194N,41,0.0,0
2021-06-04 13:00,03F2194N,42,12.0,46
2021-06-04 13:00,03F2194N,5,0.0,0
2021-06-04 13:00,03F2194S,31,28.4,66
2021-06-04 13:00,03F2194S,32,23.2,54
2021-06-04 13:00,03F2194S,41,62.2,1
2021-06-04 13:00,03F2194S,42,14.3,21
2021-06-04 13:00,03F2194S,5,100.8,8
2021-06-04 13:00,03F2231N,31,21.1,260
2021-06-04 13:00,03F2231N,32,20.5,176
2021-06-04 13:00,03F2231N,41,2.2,1
2021-06-04 13:00,03F2231N,42,20.6,49
2021-06-04 13:00,03F2231N,5,37.9,35
2021-06-04 13:00,03F2235S,31,14.7,123
2021-06-04 13:00,03F2235S,32,14.4,82
2021-06-04 13:00,03F2235S,41,6.1,1
2021-06-04 13:00,03F2235S,42,19.8,17
2021-06-04 13:00,03F2235S,5,0.0,0
2021-06-04 13:00,03F2260N,31,23.1,254
2021-06-04 13:00,03F2260N,32,21.9,133
2021-06-04 13:00,03F2260N,41,26.5,2
2021-06-04 13:00,03F2260N,42,15.1,20
2021-06-04 13:00,03F2260N,5,25.8,12
2021-06-04 13:00,03F2261S,31,30.6,106
2021-06-04 13:00,03F2261S,32,31.3,57
2021-06-04 13:00,03F2261S,41,0.0,0
2021-06-04 13:00,03F2261S,42,32.7,20
2021-06-04 13:00,03F2261S,5,47.6,6
2021-06-04 13:00,03F2306N,31,16.2,54
2021-06-04 13:00,03F2306N,32,19.1,24
2021-06-04 13:00,03F2306N,41,0.0,0
2021-06-04 13:00,03F2306N,42,29.3,1
2021-06-04 13:00,03F2306N,5,227.0,1
2021-06-04 13:00,03F2306S,31,21.9,48
2021-06-04 13:00,03F2306S,32,28.9,42
2021-06-04 13:00,03F2306S,41,0.0,0
2021-06-04 13:00,03F2306S,42,21.8,17
2021-06-04 13:00,03F2306S,5,89.4,11
2021-06-04 13:00,03F2336N,31,33.8,222
2021-06-04 13:00,03F2336N,32,29.4,116
2021-06-04 13:00,03F2336N,41,27.1,2
2021-06-04 13:00,03F2336N,42,34.6,28
2021-06-04 13:00,03F2336N,5,46.1,20
2021-06-04 13:00,03F2336S,31,32.9,35
2021-06-04 13:00,03F2336S,32,17.7,20
2021-06-04 13:00,03F2336S,41,0.0,0
2021-06-04 13:00,03F2336S,42,46.7,4
2021-06-04 13:00,03F2336S,5,108.8,1
2021-06-04 13:00,03F2415N,31,34.6,182
2021-06-04 13:00,03F2415N,32,29.4,100
2021-06-04 13:00,03F2415N,41,6.9,1
2021-06-04 13:00,03F2415N,42,23.4,23
2021-06-04 13:00,03F2415N,5,46.9,2
2021-06-04 13:00,03F2415S,31,35.1,42
2021-06-04 13:00,03F2415S,32,27.4,22
2021-06-04 13:00,03F2415S,41,0.0,0
2021-06-04 13:00,03F2415S,42,42.6,14
2021-06-04 13:00,03F2415S,5,31.0,8
2021-06-04 13:00,03F2447N,31,34.0,63
2021-06-04 13:00,03F2447N,32,33.5,32
2021-06-04 13:00,03F2447N,41,0.0,0
2021-06-04 13:00,03F2447N,42,46.4,5
2021-06-04 13:00,03F2447N,5,23.5,15
2021-06-04 13:00,03F2447S,31,38.4,59
2021-06-04 13:00,03F2447S,32,40.9,27
2021-06-04 13:00,03F2447S,41,16.6,1
2021-06-04 13:00,03F2447S,42,25.5,4
2021-06-04 13:00,03F2447S,5,20.4,20
2021-06-04 13:00,03F2535N,31,40.6,89
2021-06-04 13:00,03F2535N,32,58.6,49
2021-06-04 13:00,03F2535N,41,0.0,0
2021-06-04 13:00,03F2535N,42,44.7,16
2021-06-04 13:00,03F2535N,5,43.4,12
2021-06-04 13:00,03F2535S,31,38.9,41
2021-06-04 13:00,03F2535S,32,30.9,29
2021-06-04 13:00,03F2535S,41,0.0,0
2021-06-04 13:00,03F2535S,42,39.1,3
2021-06-04 13:00,03F2535S,5,50.1,5
2021-06-04 13:00,03F2614N,31,37.0,126
2021-06-04 13:00,03F2614N,32,41.4,80
2021-06-04 13:00,03F2614N,41,31.4,1
2021-06-04 13:00,03F2614N,42,23.4,29
2021-06-04 13:00,03F2614N,5,33.3,36
2021-06-04 13:00,03F2614S,31,30.8,82
2021-06-04 13:00,03F2614S,32,28.2,56
2021-06-04 13:00,03F2614S,41,0.0,0
2021-06-04 13:00,03F2614S,42,41.7,20
2021-06-04 13:00,03F2614S,5,40.0,10
2021-06-04 13:00,03F2709N,31,0.0,0
2021-06-04 13:00,03F2709N,32,0.0,0
2021-06-04 13:00,03F2709N,41,0.0,0
2021-06-04 13:00,03F2709N,42,0.0,0
2021-06-04 13:00,03F2709N,5,0.0,0
2021-06-04 13:00,03F2709S,31,32.7,69
2021-06-04 13:00,03F2709S,32,49.7,53
2021-06-04 13:00,03F2709S,41,0.0,0
2021-06-04 13:00,03F2709S,42,45.6,9
2021-06-04 13:00,03F2709S,5,13.8,3
2021-06-04 13:00,03F2747N,31,41.2,2
2021-06-04 13:00,03F2747N,32,11.1,2
2021-06-04 13:00,03F2747N,41,0.0,0
2021-06-04 13:00,03F2747N,42,85.2,2
2021-06-04 13:00,03F2747N,5,0.0,0
2021-06-04 13:00,03F2747S,31,27.5,13
2021-06-04 13:00,03F2747S,32,34.6,16
2021-06-04 13:00,03F2747S,41,0.0,0
2021-06-04 13:00,03F2747S,42,67.3,4
2021-06-04 13:00,03F2747S,5,0.0,0
2021-06-04 13:00,03F2777N,31,48.0,47
2021-06-04 13:00,03F2777N,32,67.6,33
2021-06-04 13:00,03F2777N,41,0.0,0
2021-06-04 13:00,03F2777N,42,71.5,13
2021-06-04 13:00,03F2777N,5,78.2,10
2021-06-04 13:00,03F2777S,31,22.8,2
2021-06-04 13:00,03F2777S,32,16.9,2
2021-06-04 13:00,03F2777S,41,0.0,0
2021-06-04 13:00,03F2777S,42,13.2,1
2021-06-04 13:00,03F2777S,5,0.0,0
2021-06-04 13:00,03F2840N,31,43.0,141
2021-06-04 13:00,03F2840N,32,37.7,77
2021-06-04 13:00,03F2840N,41,10.7,3
2021-06-04 13:00,03F2840N,42,25.1,26
2021-06-04 13:00,03F2840N,5,42.0,16
2021-06-04 13:00,03F2840S,31,31.8,103
2021-06-04 13:00,03F2840S,32,25.4,58
2021-06-04 13:00,03F2840S,41,0.0,0
2021-06-04 13:00,03F2840S,42,30.3,28
2021-06-04 13:00,03F2840S,5,60.9,13
2021-06-04 13:00,03F2899N,31,0.0,0
2021-06-04 13:00,03F2899N,32,0.0,0
2021-06-04 13:00,03F2899N,41,0.0,0
2021-06-04 13:00,03F2899N,42,0.0,0
2021-06-04 13:00,03F2899N,5,0.0,0
2021-06-04 13:00,03F2899S,31,0.0,0
2021-06-04 13:00,03F2899S,32,40.5,2
2021-06-04 13:00,03F2899S,41,0.0,0
2021-06-04 13:00,03F2899S,42,40.5,4
2021-06-04 13:00,03F2899S,5,0.0,0
2021-06-04 13:00,03F2923N,31,47.9,115
2021-06-04 13:00,03F2923N,32,32.0,76
2021-06-04 13:00,03F2923N,41,18.1,1
2021-06-04 13:00,03F2923N,42,25.5,24
2021-06-04 13:00,03F2923N,5,25.3,6
2021-06-04 13:00,03F2923S,31,34.5,147
2021-06-04 13:00,03F2923S,32,22.7,85
2021-06-04 13:00,03F2923S,41,0.0,0
2021-06-04 13:00,03F2923S,42,34.4,37
2021-06-04 13:00,03F2923S,5,78.7,17
2021-06-04 13:00,03F2985N,31,23.8,144
2021-06-04 13:00,03F2985N,32,19.1,68
2021-06-04 13:00,03F2985N,41,21.1,3
2021-06-04 13:00,03F2985N,42,14.5,34
2021-06-04 13:00,03F2985N,5,32.9,18
2021-06-04 13:00,03F2985S,31,39.0,123
2021-06-04 13:00,03F2985S,32,31.0,54
2021-06-04 13:00,03F2985S,41,0.0,0
2021-06-04 13:00,03F2985S,42,8.3,17
2021-06-04 13:00,03F2985S,5,33.5,4
2021-06-04 13:00,03F3101N,31,41.1,43
2021-06-04 13:00,03F3101N,32,27.9,15
2021-06-04 13:00,03F3101N,41,0.0,0
2021-06-04 13:00,03F3101N,42,46.3,3
2021-06-04 13:00,03F3101N,5,16.4,2
2021-06-04 13:00,03F3101S,31,57.2,48
2021-06-04 13:00,03F3101S,32,52.0,33
2021-06-04 13:00,03F3101S,41,130.0,1
2021-06-04 13:00,03F3101S,42,74.7,8
2021-06-04 13:00,03F3101S,5,77.5,11
2021-06-04 13:00,03F3187N,31,24.4,2
2021-06-04 13:00,03F3187N,32,40.0,4
2021-06-04 13:00,03F3187N,41,0.0,0
2021-06-04 13:00,03F3187N,42,60.5,2
2021-06-04 13:00,03F3187N,5,29.8,1
2021-06-04 13:00,03F3187S,31,45.2,52
2021-06-04 13:00,03F3187S,32,43.9,24
2021-06-04 13:00,03F3187S,41,0.0,0
2021-06-04 13:00,03F3187S,42,72.4,5
2021-06-04 13:00,03F3187S,5,61.7,5
2021-06-04 13:00,03F3211N,31,31.7,20
2021-06-04 13:00,03F3211N,32,22.5,6
2021-06-04 13:00,03F3211N,41,0.0,0
2021-06-04 13:00,03F3211N,42,108.6,6
2021-06-04 13:00,03F3211N,5,108.5,1
2021-06-04 13:00,03F3211S,31,33.9,10
2021-06-04 13:00,03F3211S,32,16.8,3
2021-06-04 13:00,03F3211S,41,0.0,0
2021-06-04 13:00,03F3211S,42,68.5,3
2021-06-04 13:00,03F3211S,5,63.1,1
2021-06-04 13:00,03F3259N,31,41.9,17
2021-06-04 13:00,03F3259N,32,40.8,11
2021-06-04 13:00,03F3259N,41,0.0,0
2021-06-04 13:00,03F3259N,42,64.6,11
2021-06-04 13:00,03F3259N,5,111.9,3
2021-06-04 13:00,03F3259S,31,42.4,51
2021-06-04 13:00,03F3259S,32,43.4,38
2021-06-04 13:00,03F3259S,41,0.0,0
2021-06-04 13:00,03F3259S,42,37.7,25
2021-06-04 13:00,03F3259S,5,48.4,30
2021-06-04 13:00,03F3307N,31,56.4,70
2021-06-04 13:00,03F3307N,32,43.5,53
2021-06-04 13:00,03F3307N,41,0.0,0
2021-06-04 13:00,03F3307N,42,41.0,16
2021-06-04 13:00,03F3307N,5,34.3,9
2021-06-04 13:00,03F3307S,31,29.7,68
2021-06-04 13:00,03F3307S,32,23.1,45
2021-06-04 13:00,03F3307S,41,0.0,0
2021-06-04 13:00,03F3307S,42,34.5,10
2021-06-04 13:00,03F3307S,5,22.6,13
2021-06-04 13:00,03F3392N,31,58.6,62
2021-06-04 13:00,03F3392N,32,57.7,51
2021-06-04 13:00,03F3392N,41,0.0,0
2021-06-04 13:00,03F3392N,42,31.1,16
2021-06-04 13:00,03F3392N,5,48.8,9
2021-06-04 13:00,03F3392S,31,31.8,139
2021-06-04 13:00,03F3392S,32,31.7,74
2021-06-04 13:00,03F3392S,41,27.0,4
2021-06-04 13:00,03F3392S,42,31.0,36
2021-06-04 13:00,03F3392S,5,48.4,53
2021-06-04 13:00,03F3445N,31,30.3,136
2021-06-04 13:00,03F3445N,32,24.4,79
2021-06-04 13:00,03F3445N,41,56.8,1
2021-06-04 13:00,03F3445N,42,26.3,27
2021-06-04 13:00,03F3445N,5,31.0,9
2021-06-04 13:00,03F3445S,31,28.0,98
2021-06-04 13:00,03F3445S,32,28.5,77
2021-06-04 13:00,03F3445S,41,6.7,2
2021-06-04 13:00,03F3445S,42,30.5,19
2021-06-04 13:00,03F3445S,5,39.7,10
2021-06-04 13:00,03F3496N,31,55.6,205
2021-06-04 13:00,03F3496N,32,41.2,112
2021-06-04 13:00,03F3496N,41,17.8,4
2021-06-04 13:00,03F3496N,42,63.3,44
2021-06-04 13:00,03F3496N,5,72.1,21
2021-06-04 13:00,03F3496S,31,31.8,105
2021-06-04 13:00,03F3496S,32,28.1,84
2021-06-04 13:00,03F3496S,41,10.1,1
2021-06-04 13:00,03F3496S,42,35.1,21
2021-06-04 13:00,03F3496S,5,40.8,44
2021-06-04 13:00,03F3588N,31,34.7,3
2021-06-04 13:00,03F3588N,32,17.6,2
2021-06-04 13:00,03F3588N,41,0.0,0
2021-06-04 13:00,03F3588N,42,12.5,2
2021-06-04 13:00,03F3588N,5,22.6,1
2021-06-04 13:00,03F3588S,31,40.2,168
2021-06-04 13:00,03F3588S,32,32.9,86
2021-06-04 13:00,03F3588S,41,0.0,0
2021-06-04 13:00,03F3588S,42,36.5,30
2021-06-04 13:00,03F3588S,5,27.0,58
2021-06-04 13:00,03F3670N,31,49.8,63
2021-06-04 13:00,03F3670N,32,34.2,27
2021-06-04 13:00,03F3670N,41,0.0,0
2021-06-04 13:00,03F3670N,42,31.8,13
2021-06-04 13:00,03F3670N,5,23.2,3
2021-06-04 13:00,03F3670S,31,26.0,1
2021-06-04 13:00,03F3670S,32,31.7,3
2021-06-04 13:00,03F3670S,41,0.0,0
2021-06-04 13:00,03F3670S,42,0.0,0
2021-06-04 13:00,03F3670S,5,0.0,0
2021-06-04 13:00,03F3743N,31,79.0,181
2021-06-04 13:00,03F3743N,32,69.2,90
2021-06-04 13:00,03F3743N,41,66.6,3
2021-06-04 13:00,03F3743N,42,77.8,30
2021-06-04 13:00,03F3743N,5,54.5,125
2021-06-04 13:00,03F3743S,31,25.5,54
2021-06-04 13:00,03F3743S,32,28.1,35
2021-06-04 13:00,03F3743S,41,0.0,0
2021-06-04 13:00,03F3743S,42,26.0,14
2021-06-04 13:00,03F3743S,5,20.4,12
2021-06-04 13:00,03F3854N,31,59.7,199
2021-06-04 13:00,03F3854N,32,38.5,116
2021-06-04 13:00,03F3854N,41,170.4,4
2021-06-04 13:00,03F3854N,42,56.4,36
2021-06-04 13:00,03F3854N,5,53.3,69
2021-06-04 13:00,03F3854S,31,15.7,265
2021-06-04 13:00,03F3854S,32,15.9,134
2021-06-04 13:00,03F3854S,41,24.3,2
2021-06-04 13:00,03F3854S,42,20.2,39
2021-06-04 13:00,03F3854S,5,13.7,26
2021-06-04 13:00,03F3916N,31,57.5,111
2021-06-04 13:00,03F3916N,32,38.9,68
2021-06-04 13:00,03F3916N,41,37.4,2
2021-06-04 13:00,03F3916N,42,48.0,18
2021-06-04 13:00,03F3916N,5,47.5,29
2021-06-04 13:00,03F3916S,31,31.0,62
2021-06-04 13:00,03F3916S,32,25.6,43
2021-06-04 13:00,03F3916S,41,0.0,0
2021-06-04 13:00,03F3916S,42,24.8,12
2021-06-04 13:00,03F3916S,5,37.7,22
2021-06-04 13:00,03F3981S,31,0.0,0
2021-06-04 13:00,03F3981S,32,0.0,0
2021-06-04 13:00,03F3981S,41,0.0,0
2021-06-04 13:00,03F3981S,42,0.0,0
2021-06-04 13:00,03F3981S,5,0.0,0
2021-06-04 13:00,03F3984N,31,43.1,75
2021-06-04 13:00,03F3984N,32,47.7,45
2021-06-04 13:00,03F3984N,41,0.0,0
2021-06-04 13:00,03F3984N,42,47.2,30
2021-06-04 13:00,03F3984N,5,43.6,11
2021-06-04 13:00,03F4018S,31,16.6,89
2021-06-04 13:00,03F4018S,32,15.6,76
2021-06-04 13:00,03F4018S,41,0.0,0
2021-06-04 13:00,03F4018S,42,16.1,23
2021-06-04 13:00,03F4018S,5,11.8,11
2021-06-04 13:00,03F4021N,31,54.6,107
2021-06-04 13:00,03F4021N,32,44.6,76
2021-06-04 13:00,03F4021N,41,0.0,0
2021-06-04 13:00,03F4021N,42,38.9,26
2021-06-04 13:00,03F4021N,5,14.0,10
2021-06-04 13:00,03F4142N,31,30.5,239
2021-06-04 13:00,03F4142N,32,29.9,117
2021-06-04 13:00,03F4142N,41,0.0,0
2021-06-04 13:00,03F4142N,42,66.2,32
2021-06-04 13:00,03F4142N,5,65.4,16
2021-06-04 13:00,03F4142S,31,12.6,195
2021-06-04 13:00,03F4142S,32,12.4,104
2021-06-04 13:00,03F4142S,41,23.2,1
2021-06-04 13:00,03F4142S,42,11.4,13
2021-06-04 13:00,03F4142S,5,9.5,6
2021-06-04 13:00,03F4168N,31,21.2,115
2021-06-04 13:00,03F4168N,32,19.1,45
2021-06-04 13:00,03F4168N,41,0.0,0
2021-06-04 13:00,03F4168N,42,21.2,25
2021-06-04 13:00,03F4168N,5,6.0,5
2021-06-04 13:00,03F4168S,31,10.2,319
2021-06-04 13:00,03F4168S,32,10.9,155
2021-06-04 13:00,03F4168S,41,15.3,2
2021-06-04 13:00,03F4168S,42,10.3,39
2021-06-04 13:00,03F4168S,5,9.5,55
2021-06-04 13:00,03F4232N,31,38.7,339
2021-06-04 13:00,03F4232N,32,32.4,174
2021-06-04 13:00,03F4232N,41,216.9,3
2021-06-04 13:00,03F4232N,42,49.2,37
2021-06-04 13:00,03F4232N,5,21.1,77
2021-06-04 13:00,03F4232S,31,0.0,0
2021-06-04 13:00,03F4232S,32,0.0,0
2021-06-04 13:00,03F4232S,41,0.0,0
2021-06-04 13:00,03F4232S,42,0.0,0
2021-06-04 13:00,03F4232S,5,0.0,0
2021-06-04 13:00,03F4259N,31,37.0,150
2021-06-04 13:00,03F4259N,32,33.6,74
2021-06-04 13:00,03F4259N,41,17.3,4
2021-06-04 13:00,03F4259N,42,41.9,11
2021-06-04 13:00,03F4259N,5,24.3,20
2021-06-04 13:00,03F4263S,31,6.0,10
2021-06-04 13:00,03F4263S,32,6.0,5
2021-06-04 13:00,03F4263S,41,0.0,0
2021-06-04 13:00,03F4263S,42,6.0,1
2021-06-04 13:00,03F4263S,5,0.0,0
2021-06-04 13:00,05F0000S,31,0.0,0
2021-06-04 13:00,05F0000S,32,0.0,0
2021-06-04 13:00,05F0000S,41,0.0,0
2021-06-04 13:00,05F0000S,42,0.0,0
2021-06-04 13:00,05F0000S,5,0.0,0
2021-06-04 13:00,05F0001N,31,17.1,75
2021-06-04 13:00,05F0001N,32,16.4,48
2021-06-04 13:00,05F0001N,41,0.0,0
2021-06-04 13:00,05F0001N,42,34.0,8
2021-06-04 13:00,05F0001N,5,15.9,1
2021-06-04 13:00,05F0055N,31,26.5,84
2021-06-04 13:00,05F0055N,32,28.0,43
2021-06-04 13:00,05F0055N,41,10.7,1
2021-06-04 13:00,05F0055N,42,0.0,0
2021-06-04 13:00,05F0055N,5,0.0,0
2021-06-04 13:00,05F0055S,31,30.6,96
2021-06-04 13:00,05F0055S,32,33.1,52
2021-06-04 13:00,05F0055S,41,10.7,1
2021-06-04 13:00,05F0055S,42,0.0,0
2021-06-04 13:00,05F0055S,5,0.0,0
2021-06-04 13:00,05F0287N,31,45.0,262
2021-06-04 13:00,05F0287N,32,49.3,126
2021-06-04 13:00,05F0287N,41,37.3,7
2021-06-04 13:00,05F0287N,42,0.0,0
2021-06-04 13:00,05F0287N,5,0.0,0
2021-06-04 13:00,05F0287S,31,22.8,8
2021-06-04 13:00,05F0287S,32,25.3,5
2021-06-04 13:00,05F0287S,41,0.0,0
2021-06-04 13:00,05F0287S,42,0.0,0
2021-06-04 13:00,05F0287S,5,0.0,0
2021-06-04 13:00,05F0309N,31,52.8,309
2021-06-04 13:00,05F0309N,32,57.9,133
2021-06-04 13:00,05F0309N,41,46.4,2
2021-06-04 13:00,05F0309N,42,8.3,3
2021-06-04 13:00,05F0309N,5,8.3,1
2021-06-04 13:00,05F0309S,31,14.1,119
2021-06-04 13:00,05F0309S,32,14.4,47
2021-06-04 13:00,05F0309S,41,8.3,5
2021-06-04 13:00,05F0309S,42,20.5,22
2021-06-04 13:00,05F0309S,5,20.3,70
2021-06-04 13:00,05F0438N,31,49.0,320
2021-06-04 13:00,05F0438N,32,44.6,162
2021-06-04 13:00,05F0438N,41,41.4,7
2021-06-04 13:00,05F0438N,42,12.5,8
2021-06-04 13:00,05F0438N,5,16.4,7
2021-06-04 13:00,05F0439S,31,8.1,1
2021-06-04 13:00,05F0439S,32,0.0,0
2021-06-04 13:00,05F0439S,41,0.0,0
2021-06-04 13:00,05F0439S,42,0.0,0
2021-06-04 13:00,05F0439S,5,0.0,0
2021-06-04 13:00,05F0494S,31,7.6,81
2021-06-04 13:00,05F0494S,32,7.6,39
2021-06-04 13:00,05F0494S,41,0.0,0
2021-06-04 13:00,05F0494S,42,7.6,5
2021-06-04 13:00,05F0494S,5,7.6,11
2021-06-04 13:00,05F0528N,31,47.2,296
2021-06-04 13:00,05F0528N,32,48.3,139
2021-06-04 13:00,05F0528N,41,29.8,3
2021-06-04 13:00,05F0528N,42,21.0,7
2021-06-04 13:00,05F0528N,5,13.2,25
2021-06-04 13:00,05FR113S,31,9.0,190
2021-06-04 13:00,05FR113S,32,9.6,86
2021-06-04 13:00,05FR113S,41,6.0,1
2021-06-04 13:00,05FR113S,42,10.6,5
2021-06-04 13:00,05FR113S,5,12.1,15
2021-06-04 13:00,05FR143N,31,0.0,0
2021-06-04 13:00,05FR143N,32,0.0,0
2021-06-04 13:00,05FR143N,41,0.0,0
2021-06-04 13:00,05FR143N,42,0.0,0
2021-06-04 13:00,05FR143N,5,0.0,0
