2021-05-21 19:00,01F0005N,31,1.1,213
2021-05-21 19:00,01F0005N,32,1.1,55
2021-05-21 19:00,01F0005N,41,1.1,4
2021-05-21 19:00,01F0005N,42,1.1,1
2021-05-21 19:00,01F0005N,5,0.0,0
2021-05-21 19:00,01F0005S,31,18.7,666
2021-05-21 19:00,01F0005S,32,18.5,150
2021-05-21 19:00,01F0005S,41,12.8,62
2021-05-21 19:00,01F0005S,42,16.6,10
2021-05-21 19:00,01F0005S,5,44.9,7
2021-05-21 19:00,01F0017N,31,0.0,0
2021-05-21 19:00,01F0017N,32,0.0,0
2021-05-21 19:00,01F0017N,41,0.0,0
2021-05-21 19:00,01F0017N,42,0.0,0
2021-05-21 19:00,01F0017N,5,0.0,0
2021-05-21 19:00,01F0017S,31,30.7,160
2021-05-21 19:00,01F0017S,32,33.6,30
2021-05-21 19:00,01F0017S,41,14.6,13
2021-05-21 19:00,01F0017S,42,0.0,0
2021-05-21 19:00,01F0017S,5,0.0,0
2021-05-21 19:00,01F0029N,31,0.0,0
2021-05-21 19:00,01F0029N,32,0.0,0
2021-05-21 19:00,01F0029N,41,0.0,0
2021-05-21 19:00,01F0029N,42,0.0,0
2021-05-21 19:00,01F0029N,5,0.0,0
2021-05-21 19:00,01F0029S,31,25.6,179
2021-05-21 19:00,01F0029S,32,23.4,45
2021-05-21 19:00,01F0029S,41,13.5,5
2021-05-21 19:00,01F0029S,42,23.9,26
2021-05-21 19:00,01F0029S,5,53.9,6
2021-05-21 19:00,01F0061N,31,3.9,188
2021-05-21 19:00,01F0061N,32,3.8,40
2021-05-21 19:00,01F0061N,41,0.0,0
2021-05-21 19:00,01F0061N,42,6.2,2
2021-05-21 19:00,01F0061N,5,1.9,27
2021-05-21 19:00,01F0061S,31,22.0,576
2021-05-21 19:00,01F0061S,32,21.2,147
2021-05-21 19:00,01F0061S,41,9.9,7
2021-05-21 19:00,01F0061S,42,42.1,21
2021-05-21 19:00,01F0061S,5,34.6,71
2021-05-21 19:00,01F0099N,31,7.4,153
2021-05-21 19:00,01F0099N,32,7.1,35
2021-05-21 19:00,01F0099N,41,9.6,3
2021-05-21 19:00,01F0099N,42,0.0,0
2021-05-21 19:00,01F0099N,5,5.5,1
2021-05-21 19:00,01F0099S,31,22.7,162
2021-05-21 19:00,01F0099S,32,21.0,50
2021-05-21 19:00,01F0099S,41,0.0,0
2021-05-21 19:00,01F0099S,42,46.0,11
2021-05-21 19:00,01F0099S,5,56.7,14
2021-05-21 19:00,01F0147N,31,7.7,2
2021-05-21 19:00,01F0147N,32,0.0,0
2021-05-21 19:00,01F0147N,41,0.0,0
2021-05-21 19:00,01F0147N,42,0.0,0
2021-05-21 19:00,01F0147N,5,0.0,0
2021-05-21 19:00,01F0147S,31,9.9,191
2021-05-21 19:00,01F0147S,32,18.4,48
2021-05-21 19:00,01F0147S,41,0.0,0
2021-05-21 19:00,01F0147S,42,20.1,9
2021-05-21 19:00,01F0147S,5,69.4,13
2021-05-21 19:00,01F0155N,31,9.7,1123
2021-05-21 19:00,01F0155N,32,8.9,194
2021-05-21 19:00,01F0155N,41,15.1,62
2021-05-21 19:00,01F0155N,42,9.0,15
2021-05-21 19:00,01F0155N,5,0.0,0
2021-05-21 19:00,01F0155S,31,14.1,552
2021-05-21 19:00,01F0155S,32,15.8,116
2021-05-21 19:00,01F0155S,41,14.9,2
2021-05-21 19:00,01F0155S,42,16.1,10
2021-05-21 19:00,01F0155S,5,31.8,2
2021-05-21 19:00,01F0182S,31,16.4,692
2021-05-21 19:00,01F0182S,32,19.4,122
2021-05-21 19:00,01F0182S,41,7.9,9
2021-05-21 19:00,01F0182S,42,24.5,17
2021-05-21 19:00,01F0182S,5,40.5,5
2021-05-21 19:00,01F0213N,31,13.6,570
2021-05-21 19:00,01F0213N,32,14.0,85
2021-05-21 19:00,01F0213N,41,14.5,4
2021-05-21 19:00,01F0213N,42,16.6,4
2021-05-21 19:00,01F0213N,5,0.0,0
2021-05-21 19:00,01F0233N,31,10.1,845
2021-05-21 19:00,01F0233N,32,12.5,176
2021-05-21 19:00,01F0233N,41,19.7,14
2021-05-21 19:00,01F0233N,42,5.1,10
2021-05-21 19:00,01F0233N,5,18.2,6
2021-05-21 19:00,01F0248S,31,20.0,2571
2021-05-21 19:00,01F0248S,32,18.7,473
2021-05-21 19:00,01F0248S,41,22.9,40
2021-05-21 19:00,01F0248S,42,52.3,40
2021-05-21 19:00,01F0248S,5,82.5,7
2021-05-21 19:00,01F0256N,31,8.9,586
2021-05-21 19:00,01F0256N,32,11.4,115
2021-05-21 19:00,01F0256N,41,23.9,3
2021-05-21 19:00,01F0256N,42,6.0,3
2021-05-21 19:00,01F0256N,5,20.3,1
2021-05-21 19:00,01F0264S,31,23.9,609
2021-05-21 19:00,01F0264S,32,23.0,117
2021-05-21 19:00,01F0264S,41,31.9,61
2021-05-21 19:00,01F0264S,42,22.4,9
2021-05-21 19:00,01F0264S,5,15.0,5
2021-05-21 19:00,01F0293N,31,10.4,613
2021-05-21 19:00,01F0293N,32,10.3,134
2021-05-21 19:00,01F0293N,41,12.2,2
2021-05-21 19:00,01F0293N,42,15.3,42
2021-05-21 19:00,01F0293N,5,23.9,46
2021-05-21 19:00,01F0293S,31,33.4,319
2021-05-21 19:00,01F0293S,32,36.3,69
2021-05-21 19:00,01F0293S,41,145.4,27
2021-05-21 19:00,01F0293S,42,11.3,3
2021-05-21 19:00,01F0293S,5,6.0,1
2021-05-21 19:00,01F0339N,31,8.6,26
2021-05-21 19:00,01F0339N,32,1.2,1
2021-05-21 19:00,01F0339N,41,0.0,0
2021-05-21 19:00,01F0339N,42,12.6,7
2021-05-21 19:00,01F0339N,5,0.0,0
2021-05-21 19:00,01F0339S,31,30.3,1391
2021-05-21 19:00,01F0339S,32,30.2,375
2021-05-21 19:00,01F0339S,41,17.8,20
2021-05-21 19:00,01F0339S,42,55.3,54
2021-05-21 19:00,01F0339S,5,28.3,61
2021-05-21 19:00,01F0376N,31,16.5,1485
2021-05-21 19:00,01F0376N,32,17.2,303
2021-05-21 19:00,01F0376N,41,15.8,58
2021-05-21 19:00,01F0376N,42,15.8,29
2021-05-21 19:00,01F0376N,5,14.3,15
2021-05-21 19:00,01F0376S,31,21.4,11
2021-05-21 19:00,01F0376S,32,11.0,2
2021-05-21 19:00,01F0376S,41,7.2,1
2021-05-21 19:00,01F0376S,42,14.9,3
2021-05-21 19:00,01F0376S,5,0.0,0
2021-05-21 19:00,01F0413N,31,7.8,2
2021-05-21 19:00,01F0413N,32,0.0,0
2021-05-21 19:00,01F0413N,41,0.0,0
2021-05-21 19:00,01F0413N,42,0.0,0
2021-05-21 19:00,01F0413N,5,0.0,0
2021-05-21 19:00,01F0413S,31,0.0,0
2021-05-21 19:00,01F0413S,32,0.0,0
2021-05-21 19:00,01F0413S,41,0.0,0
2021-05-21 19:00,01F0413S,42,0.0,0
2021-05-21 19:00,01F0413S,5,0.0,0
2021-05-21 19:00,01F0467N,31,20.6,970
2021-05-21 19:00,01F0467N,32,20.7,201
2021-05-21 19:00,01F0467N,41,22.4,50
2021-05-21 19:00,01F0467N,42,16.0,12
2021-05-21 19:00,01F0467N,5,21.9,20
2021-05-21 19:00,01F0467S,31,31.4,1300
2021-05-21 19:00,01F0467S,32,28.3,312
2021-05-21 19:00,01F0467S,41,60.3,25
2021-05-21 19:00,01F0467S,42,48.2,56
2021-05-21 19:00,01F0467S,5,91.2,46
2021-05-21 19:00,01F0511N,31,13.1,923
2021-05-21 19:00,01F0511N,32,13.2,260
2021-05-21 19:00,01F0511N,41,15.3,8
2021-05-21 19:00,01F0511N,42,17.5,39
2021-05-21 19:00,01F0511N,5,20.4,20
2021-05-21 19:00,01F0511S,31,23.1,990
2021-05-21 19:00,01F0511S,32,20.6,213
2021-05-21 19:00,01F0511S,41,6.2,12
2021-05-21 19:00,01F0511S,42,25.4,34
2021-05-21 19:00,01F0511S,5,156.5,34
2021-05-21 19:00,01F0532N,31,17.5,83
2021-05-21 19:00,01F0532N,32,21.4,14
2021-05-21 19:00,01F0532N,41,2.6,1
2021-05-21 19:00,01F0532N,42,4.3,2
2021-05-21 19:00,01F0532N,5,0.0,0
2021-05-21 19:00,01F0532S,31,19.6,669
2021-05-21 19:00,01F0532S,32,23.2,132
2021-05-21 19:00,01F0532S,41,6.1,5
2021-05-21 19:00,01F0532S,42,53.5,59
2021-05-21 19:00,01F0532S,5,44.3,17
2021-05-21 19:00,01F0557N,31,18.5,751
2021-05-21 19:00,01F0557N,32,17.8,152
2021-05-21 19:00,01F0557N,41,21.0,14
2021-05-21 19:00,01F0557N,42,28.2,34
2021-05-21 19:00,01F0557N,5,10.8,10
2021-05-21 19:00,01F0557S,31,16.9,98
2021-05-21 19:00,01F0557S,32,6.7,15
2021-05-21 19:00,01F0557S,41,0.0,0
2021-05-21 19:00,01F0557S,42,8.0,3
2021-05-21 19:00,01F0557S,5,87.8,1
2021-05-21 19:00,01F0578S,31,26.7,618
2021-05-21 19:00,01F0578S,32,30.3,144
2021-05-21 19:00,01F0578S,41,10.1,2
2021-05-21 19:00,01F0578S,42,63.3,38
2021-05-21 19:00,01F0578S,5,95.9,17
2021-05-21 19:00,01F0584N,31,11.3,414
2021-05-21 19:00,01F0584N,32,13.0,86
2021-05-21 19:00,01F0584N,41,13.3,4
2021-05-21 19:00,01F0584N,42,8.0,18
2021-05-21 19:00,01F0584N,5,25.6,8
2021-05-21 19:00,01F0633N,31,16.9,896
2021-05-21 19:00,01F0633N,32,20.2,248
2021-05-21 19:00,01F0633N,41,31.9,1
2021-05-21 19:00,01F0633N,42,15.7,41
2021-05-21 19:00,01F0633N,5,25.6,21
2021-05-21 19:00,01F0633S,31,25.1,380
2021-05-21 19:00,01F0633S,32,23.8,82
2021-05-21 19:00,01F0633S,41,111.8,1
2021-05-21 19:00,01F0633S,42,33.7,16
2021-05-21 19:00,01F0633S,5,121.1,4
2021-05-21 19:00,01F0664N,31,13.2,305
2021-05-21 19:00,01F0664N,32,12.1,61
2021-05-21 19:00,01F0664N,41,25.8,1
2021-05-21 19:00,01F0664N,42,14.2,25
2021-05-21 19:00,01F0664N,5,10.6,11
2021-05-21 19:00,01F0664S,31,26.6,620
2021-05-21 19:00,01F0664S,32,28.5,134
2021-05-21 19:00,01F0664S,41,4.2,1
2021-05-21 19:00,01F0664S,42,41.0,25
2021-05-21 19:00,01F0664S,5,55.8,27
2021-05-21 19:00,01F0681N,31,13.7,731
2021-05-21 19:00,01F0681N,32,13.4,195
2021-05-21 19:00,01F0681N,41,10.4,2
2021-05-21 19:00,01F0681N,42,15.4,32
2021-05-21 19:00,01F0681N,5,27.1,38
2021-05-21 19:00,01F0681S,31,14.5,127
2021-05-21 19:00,01F0681S,32,17.2,29
2021-05-21 19:00,01F0681S,41,16.5,1
2021-05-21 19:00,01F0681S,42,68.2,5
2021-05-21 19:00,01F0681S,5,123.9,12
2021-05-21 19:00,01F0699N,31,21.1,4
2021-05-21 19:00,01F0699N,32,0.0,0
2021-05-21 19:00,01F0699N,41,0.0,0
2021-05-21 19:00,01F0699N,42,0.0,0
2021-05-21 19:00,01F0699N,5,0.0,0
2021-05-21 19:00,01F0699S,31,45.6,227
2021-05-21 19:00,01F0699S,32,59.4,40
2021-05-21 19:00,01F0699S,41,20.4,2
2021-05-21 19:00,01F0699S,42,100.2,6
2021-05-21 19:00,01F0699S,5,247.9,14
2021-05-21 19:00,01F0750N,31,32.7,478
2021-05-21 19:00,01F0750N,32,32.3,124
2021-05-21 19:00,01F0750N,41,40.1,6
2021-05-21 19:00,01F0750N,42,27.4,14
2021-05-21 19:00,01F0750N,5,31.1,5
2021-05-21 19:00,01F0750S,31,12.8,1
2021-05-21 19:00,01F0750S,32,0.0,0
2021-05-21 19:00,01F0750S,41,0.0,0
2021-05-21 19:00,01F0750S,42,12.8,2
2021-05-21 19:00,01F0750S,5,0.0,0
2021-05-21 19:00,01F0880N,31,30.8,559
2021-05-21 19:00,01F0880N,32,37.3,130
2021-05-21 19:00,01F0880N,41,15.4,2
2021-05-21 19:00,01F0880N,42,32.7,5
2021-05-21 19:00,01F0880N,5,39.4,3
2021-05-21 19:00,01F0880S,31,27.2,850
2021-05-21 19:00,01F0880S,32,26.7,130
2021-05-21 19:00,01F0880S,41,18.1,7
2021-05-21 19:00,01F0880S,42,25.4,15
2021-05-21 19:00,01F0880S,5,95.0,11
2021-05-21 19:00,01F0928N,31,22.1,1930
2021-05-21 19:00,01F0928N,32,23.8,295
2021-05-21 19:00,01F0928N,41,26.0,53
2021-05-21 19:00,01F0928N,42,40.6,19
2021-05-21 19:00,01F0928N,5,31.7,7
2021-05-21 19:00,01F0928S,31,29.8,784
2021-05-21 19:00,01F0928S,32,47.2,133
2021-05-21 19:00,01F0928S,41,7.8,9
2021-05-21 19:00,01F0928S,42,80.4,5
2021-05-21 19:00,01F0928S,5,39.2,5
2021-05-21 19:00,01F0950S,31,11.5,1
2021-05-21 19:00,01F0950S,32,0.0,0
2021-05-21 19:00,01F0950S,41,0.0,0
2021-05-21 19:00,01F0950S,42,0.0,0
2021-05-21 19:00,01F0950S,5,0.0,0
2021-05-21 19:00,01F0956N,31,0.0,0
2021-05-21 19:00,01F0956N,32,0.0,0
2021-05-21 19:00,01F0956N,41,0.0,0
2021-05-21 19:00,01F0956N,42,0.0,0
2021-05-21 19:00,01F0956N,5,0.0,0
2021-05-21 19:00,01F0979N,31,0.0,0
2021-05-21 19:00,01F0979N,32,0.0,0
2021-05-21 19:00,01F0979N,41,0.0,0
2021-05-21 19:00,01F0979N,42,0.0,0
2021-05-21 19:00,01F0979N,5,0.0,0
2021-05-21 19:00,01F0980S,31,39.7,1595
2021-05-21 19:00,01F0980S,32,43.4,250
2021-05-21 19:00,01F0980S,41,36.3,72
2021-05-21 19:00,01F0980S,42,50.2,14
2021-05-21 19:00,01F0980S,5,67.4,3
2021-05-21 19:00,01F1045N,31,29.8,375
2021-05-21 19:00,01F1045N,32,31.3,79
2021-05-21 19:00,01F1045N,41,0.0,0
2021-05-21 19:00,01F1045N,42,35.8,8
2021-05-21 19:00,01F1045N,5,28.1,2
2021-05-21 19:00,01F1045S,31,0.0,0
2021-05-21 19:00,01F1045S,32,0.0,0
2021-05-21 19:00,01F1045S,41,0.0,0
2021-05-21 19:00,01F1045S,42,0.0,0
2021-05-21 19:00,01F1045S,5,0.0,0
2021-05-21 19:00,01F1123N,31,37.6,136
2021-05-21 19:00,01F1123N,32,35.5,28
2021-05-21 19:00,01F1123N,41,0.0,0
2021-05-21 19:00,01F1123N,42,47.9,2
2021-05-21 19:00,01F1123N,5,57.0,1
2021-05-21 19:00,01F1123S,31,48.7,257
2021-05-21 19:00,01F1123S,32,51.1,55
2021-05-21 19:00,01F1123S,41,20.2,3
2021-05-21 19:00,01F1123S,42,63.9,5
2021-05-21 19:00,01F1123S,5,46.7,2
2021-05-21 19:00,01F1292N,31,49.2,77
2021-05-21 19:00,01F1292N,32,53.1,23
2021-05-21 19:00,01F1292N,41,0.0,0
2021-05-21 19:00,01F1292N,42,59.2,3
2021-05-21 19:00,01F1292N,5,57.8,3
2021-05-21 19:00,01F1292S,31,39.7,17
2021-05-21 19:00,01F1292S,32,62.1,8
2021-05-21 19:00,01F1292S,41,0.0,0
2021-05-21 19:00,01F1292S,42,6.6,1
2021-05-21 19:00,01F1292S,5,0.0,0
2021-05-21 19:00,01F1389N,31,31.0,94
2021-05-21 19:00,01F1389N,32,37.9,28
2021-05-21 19:00,01F1389N,41,19.2,15
2021-05-21 19:00,01F1389N,42,31.8,2
2021-05-21 19:00,01F1389N,5,7.3,1
2021-05-21 19:00,01F1389S,31,43.2,147
2021-05-21 19:00,01F1389S,32,51.9,42
2021-05-21 19:00,01F1389S,41,7.3,1
2021-05-21 19:00,01F1389S,42,51.6,12
2021-05-21 19:00,01F1389S,5,41.4,1
2021-05-21 19:00,01F1465N,31,43.1,120
2021-05-21 19:00,01F1465N,32,36.4,35
2021-05-21 19:00,01F1465N,41,0.0,0
2021-05-21 19:00,01F1465N,42,57.7,6
2021-05-21 19:00,01F1465N,5,96.1,11
2021-05-21 19:00,01F1465S,31,33.8,88
2021-05-21 19:00,01F1465S,32,36.9,40
2021-05-21 19:00,01F1465S,41,0.0,0
2021-05-21 19:00,01F1465S,42,58.3,1
2021-05-21 19:00,01F1465S,5,0.0,0
2021-05-21 19:00,01F1572N,31,63.7,62
2021-05-21 19:00,01F1572N,32,79.6,8
2021-05-21 19:00,01F1572N,41,0.0,0
2021-05-21 19:00,01F1572N,42,68.5,3
2021-05-21 19:00,01F1572N,5,27.8,1
2021-05-21 19:00,01F1572S,31,29.9,80
2021-05-21 19:00,01F1572S,32,27.5,33
2021-05-21 19:00,01F1572S,41,0.0,0
2021-05-21 19:00,01F1572S,42,31.2,1
2021-05-21 19:00,01F1572S,5,15.2,17
2021-05-21 19:00,01F1621N,31,42.3,64
2021-05-21 19:00,01F1621N,32,47.3,16
2021-05-21 19:00,01F1621N,41,4.9,1
2021-05-21 19:00,01F1621N,42,71.1,4
2021-05-21 19:00,01F1621N,5,32.8,4
2021-05-21 19:00,01F1621S,31,21.2,450
2021-05-21 19:00,01F1621S,32,20.2,82
2021-05-21 19:00,01F1621S,41,15.1,3
2021-05-21 19:00,01F1621S,42,23.6,8
2021-05-21 19:00,01F1621S,5,30.8,13
2021-05-21 19:00,01F1664N,31,24.2,357
2021-05-21 19:00,01F1664N,32,23.7,100
2021-05-21 19:00,01F1664N,41,29.2,3
2021-05-21 19:00,01F1664N,42,23.7,7
2021-05-21 19:00,01F1664N,5,2.6,1
2021-05-21 19:00,01F1664S,31,16.8,601
2021-05-21 19:00,01F1664S,32,14.0,150
2021-05-21 19:00,01F1664S,41,12.0,4
2021-05-21 19:00,01F1664S,42,18.2,38
2021-05-21 19:00,01F1664S,5,21.5,11
2021-05-21 19:00,01F1699N,31,48.4,842
2021-05-21 19:00,01F1699N,32,47.3,204
2021-05-21 19:00,01F1699N,41,80.9,10
2021-05-21 19:00,01F1699N,42,58.9,35
2021-05-21 19:00,01F1699N,5,59.0,22
2021-05-21 19:00,01F1699S,31,21.3,366
2021-05-21 19:00,01F1699S,32,25.9,99
2021-05-21 19:00,01F1699S,41,10.5,3
2021-05-21 19:00,01F1699S,42,18.2,13
2021-05-21 19:00,01F1699S,5,0.0,0
2021-05-21 19:00,01F1774N,31,40.4,763
2021-05-21 19:00,01F1774N,32,43.4,120
2021-05-21 19:00,01F1774N,41,70.7,15
2021-05-21 19:00,01F1774N,42,63.9,15
2021-05-21 19:00,01F1774N,5,80.0,8
2021-05-21 19:00,01F1774S,31,39.5,305
2021-05-21 19:00,01F1774S,32,43.0,102
2021-05-21 19:00,01F1774S,41,7.2,1
2021-05-21 19:00,01F1774S,42,46.3,8
2021-05-21 19:00,01F1774S,5,52.1,9
2021-05-21 19:00,01F1802N,31,33.7,509
2021-05-21 19:00,01F1802N,32,30.8,96
2021-05-21 19:00,01F1802N,41,0.0,0
2021-05-21 19:00,01F1802N,42,85.5,17
2021-05-21 19:00,01F1802N,5,85.5,2
2021-05-21 19:00,01F1802S,31,48.2,678
2021-05-21 19:00,01F1802S,32,45.9,137
2021-05-21 19:00,01F1802S,41,81.8,13
2021-05-21 19:00,01F1802S,42,56.8,10
2021-05-21 19:00,01F1802S,5,42.7,4
2021-05-21 19:00,01F1839N,31,21.0,290
2021-05-21 19:00,01F1839N,32,24.6,70
2021-05-21 19:00,01F1839N,41,92.8,2
2021-05-21 19:00,01F1839N,42,64.4,9
2021-05-21 19:00,01F1839N,5,97.5,4
2021-05-21 19:00,01F1839S,31,38.1,468
2021-05-21 19:00,01F1839S,32,36.6,104
2021-05-21 19:00,01F1839S,41,82.9,1
2021-05-21 19:00,01F1839S,42,39.7,20
2021-05-21 19:00,01F1839S,5,75.9,9
2021-05-21 19:00,01F1906N,31,0.0,0
2021-05-21 19:00,01F1906N,32,0.0,0
2021-05-21 19:00,01F1906N,41,0.0,0
2021-05-21 19:00,01F1906N,42,0.0,0
2021-05-21 19:00,01F1906N,5,0.0,0
2021-05-21 19:00,01F1906S,31,33.7,244
2021-05-21 19:00,01F1906S,32,27.9,70
2021-05-21 19:00,01F1906S,41,166.8,1
2021-05-21 19:00,01F1906S,42,31.2,13
2021-05-21 19:00,01F1906S,5,113.8,7
2021-05-21 19:00,01F1960N,31,24.5,595
2021-05-21 19:00,01F1960N,32,23.7,150
2021-05-21 19:00,01F1960N,41,22.0,2
2021-05-21 19:00,01F1960N,42,31.5,20
2021-05-21 19:00,01F1960N,5,38.8,8
2021-05-21 19:00,01F1960S,31,0.0,0
2021-05-21 19:00,01F1960S,32,0.0,0
2021-05-21 19:00,01F1960S,41,0.0,0
2021-05-21 19:00,01F1960S,42,0.0,0
2021-05-21 19:00,01F1960S,5,0.0,0
2021-05-21 19:00,01F2011N,31,26.7,363
2021-05-21 19:00,01F2011N,32,27.0,104
2021-05-21 19:00,01F2011N,41,0.0,0
2021-05-21 19:00,01F2011N,42,38.8,26
2021-05-21 19:00,01F2011N,5,63.2,16
2021-05-21 19:00,01F2011S,31,28.4,396
2021-05-21 19:00,01F2011S,32,28.1,94
2021-05-21 19:00,01F2011S,41,10.9,2
2021-05-21 19:00,01F2011S,42,45.0,10
2021-05-21 19:00,01F2011S,5,23.5,11
2021-05-21 19:00,01F2089N,31,25.2,275
2021-05-21 19:00,01F2089N,32,22.0,65
2021-05-21 19:00,01F2089N,41,0.0,0
2021-05-21 19:00,01F2089N,42,46.2,18
2021-05-21 19:00,01F2089N,5,52.2,9
2021-05-21 19:00,01F2089S,31,32.3,253
2021-05-21 19:00,01F2089S,32,29.7,75
2021-05-21 19:00,01F2089S,41,0.0,0
2021-05-21 19:00,01F2089S,42,38.8,18
2021-05-21 19:00,01F2089S,5,75.4,25
2021-05-21 19:00,01F2156N,31,36.5,278
2021-05-21 19:00,01F2156N,32,33.1,95
2021-05-21 19:00,01F2156N,41,41.5,1
2021-05-21 19:00,01F2156N,42,31.3,16
2021-05-21 19:00,01F2156N,5,64.5,6
2021-05-21 19:00,01F2156S,31,49.6,51
2021-05-21 19:00,01F2156S,32,36.7,20
2021-05-21 19:00,01F2156S,41,0.0,0
2021-05-21 19:00,01F2156S,42,65.6,4
2021-05-21 19:00,01F2156S,5,80.2,2
2021-05-21 19:00,01F2249N,31,57.1,112
2021-05-21 19:00,01F2249N,32,55.5,53
2021-05-21 19:00,01F2249N,41,0.0,0
2021-05-21 19:00,01F2249N,42,84.0,37
2021-05-21 19:00,01F2249N,5,115.5,12
2021-05-21 19:00,01F2249S,31,48.4,64
2021-05-21 19:00,01F2249S,32,61.6,26
2021-05-21 19:00,01F2249S,41,20.5,1
2021-05-21 19:00,01F2249S,42,72.2,7
2021-05-21 19:00,01F2249S,5,62.2,6
2021-05-21 19:00,01F2322N,31,55.2,90
2021-05-21 19:00,01F2322N,32,71.7,16
2021-05-21 19:00,01F2322N,41,61.8,1
2021-05-21 19:00,01F2322N,42,118.7,7
2021-05-21 19:00,01F2322N,5,49.8,3
2021-05-21 19:00,01F2322S,31,40.3,112
2021-05-21 19:00,01F2322S,32,39.1,51
2021-05-21 19:00,01F2322S,41,20.5,1
2021-05-21 19:00,01F2322S,42,39.5,28
2021-05-21 19:00,01F2322S,5,111.8,9
2021-05-21 19:00,01F2394N,31,51.4,133
2021-05-21 19:00,01F2394N,32,62.8,36
2021-05-21 19:00,01F2394N,41,83.8,4
2021-05-21 19:00,01F2394N,42,71.3,14
2021-05-21 19:00,01F2394N,5,95.5,4
2021-05-21 19:00,01F2394S,31,23.7,58
2021-05-21 19:00,01F2394S,32,16.0,17
2021-05-21 19:00,01F2394S,41,0.0,0
2021-05-21 19:00,01F2394S,42,51.9,6
2021-05-21 19:00,01F2394S,5,7.8,1
2021-05-21 19:00,01F2425N,31,43.9,253
2021-05-21 19:00,01F2425N,32,39.1,68
2021-05-21 19:00,01F2425N,41,193.6,2
2021-05-21 19:00,01F2425N,42,62.0,27
2021-05-21 19:00,01F2425N,5,38.9,21
2021-05-21 19:00,01F2425S,31,26.6,213
2021-05-21 19:00,01F2425S,32,29.8,46
2021-05-21 19:00,01F2425S,41,0.0,0
2021-05-21 19:00,01F2425S,42,79.7,3
2021-05-21 19:00,01F2425S,5,45.5,11
2021-05-21 19:00,01F2483N,31,46.4,91
2021-05-21 19:00,01F2483N,32,56.5,16
2021-05-21 19:00,01F2483N,41,0.0,0
2021-05-21 19:00,01F2483N,42,101.4,5
2021-05-21 19:00,01F2483N,5,216.0,1
2021-05-21 19:00,01F2483S,31,35.1,242
2021-05-21 19:00,01F2483S,32,31.3,80
2021-05-21 19:00,01F2483S,41,20.5,1
2021-05-21 19:00,01F2483S,42,62.5,13
2021-05-21 19:00,01F2483S,5,56.9,5
2021-05-21 19:00,01F2514N,31,51.9,145
2021-05-21 19:00,01F2514N,32,54.6,37
2021-05-21 19:00,01F2514N,41,0.0,0
2021-05-21 19:00,01F2514N,42,123.9,10
2021-05-21 19:00,01F2514N,5,113.6,14
2021-05-21 19:00,01F2514S,31,36.2,93
2021-05-21 19:00,01F2514S,32,34.7,18
2021-05-21 19:00,01F2514S,41,0.0,0
2021-05-21 19:00,01F2514S,42,22.6,1
2021-05-21 19:00,01F2514S,5,86.3,2
2021-05-21 19:00,01F2603N,31,46.9,272
2021-05-21 19:00,01F2603N,32,47.5,63
2021-05-21 19:00,01F2603N,41,89.9,6
2021-05-21 19:00,01F2603N,42,91.2,10
2021-05-21 19:00,01F2603N,5,115.5,13
2021-05-21 19:00,01F2603S,31,33.1,169
2021-05-21 19:00,01F2603S,32,30.6,36
2021-05-21 19:00,01F2603S,41,0.0,0
2021-05-21 19:00,01F2603S,42,0.0,0
2021-05-21 19:00,01F2603S,5,101.2,2
2021-05-21 19:00,01F2674N,31,36.0,80
2021-05-21 19:00,01F2674N,32,57.9,17
2021-05-21 19:00,01F2674N,41,0.0,0
2021-05-21 19:00,01F2674N,42,108.5,4
2021-05-21 19:00,01F2674N,5,6.1,2
2021-05-21 19:00,01F2674S,31,40.5,184
2021-05-21 19:00,01F2674S,32,40.1,46
2021-05-21 19:00,01F2674S,41,0.0,0
2021-05-21 19:00,01F2674S,42,62.5,11
2021-05-21 19:00,01F2674S,5,89.2,8
2021-05-21 19:00,01F2714N,31,38.6,168
2021-05-21 19:00,01F2714N,32,29.8,67
2021-05-21 19:00,01F2714N,41,8.6,1
2021-05-21 19:00,01F2714N,42,76.3,21
2021-05-21 19:00,01F2714N,5,58.8,11
2021-05-21 19:00,01F2714S,31,39.5,68
2021-05-21 19:00,01F2714S,32,29.9,12
2021-05-21 19:00,01F2714S,41,0.0,0
2021-05-21 19:00,01F2714S,42,65.6,6
2021-05-21 19:00,01F2714S,5,2.5,1
2021-05-21 19:00,01F2827N,31,49.7,19
2021-05-21 19:00,01F2827N,32,71.4,8
2021-05-21 19:00,01F2827N,41,0.0,0
2021-05-21 19:00,01F2827N,42,0.0,0
2021-05-21 19:00,01F2827N,5,128.2,1
2021-05-21 19:00,01F2827S,31,45.2,200
2021-05-21 19:00,01F2827S,32,46.7,49
2021-05-21 19:00,01F2827S,41,38.8,2
2021-05-21 19:00,01F2827S,42,32.4,7
2021-05-21 19:00,01F2827S,5,62.2,3
2021-05-21 19:00,01F2866N,31,55.3,98
2021-05-21 19:00,01F2866N,32,70.3,29
2021-05-21 19:00,01F2866N,41,0.0,0
2021-05-21 19:00,01F2866N,42,94.7,8
2021-05-21 19:00,01F2866N,5,120.5,7
2021-05-21 19:00,01F2866S,31,49.2,15
2021-05-21 19:00,01F2866S,32,38.7,3
2021-05-21 19:00,01F2866S,41,0.0,0
2021-05-21 19:00,01F2866S,42,0.0,0
2021-05-21 19:00,01F2866S,5,99.1,2
2021-05-21 19:00,01F2930N,31,69.9,91
2021-05-21 19:00,01F2930N,32,61.5,18
2021-05-21 19:00,01F2930N,41,26.7,1
2021-05-21 19:00,01F2930N,42,164.6,14
2021-05-21 19:00,01F2930N,5,168.2,19
2021-05-21 19:00,01F2930S,31,35.1,294
2021-05-21 19:00,01F2930S,32,35.6,83
2021-05-21 19:00,01F2930S,41,39.0,1
2021-05-21 19:00,01F2930S,42,46.7,16
2021-05-21 19:00,01F2930S,5,68.0,10
2021-05-21 19:00,01F3019N,31,45.3,133
2021-05-21 19:00,01F3019N,32,38.5,26
2021-05-21 19:00,01F3019N,41,0.0,0
2021-05-21 19:00,01F3019N,42,130.9,7
2021-05-21 19:00,01F3019N,5,84.6,9
2021-05-21 19:00,01F3019S,31,38.8,295
2021-05-21 19:00,01F3019S,32,39.6,77
2021-05-21 19:00,01F3019S,41,61.7,13
2021-05-21 19:00,01F3019S,42,39.9,16
2021-05-21 19:00,01F3019S,5,57.1,53
2021-05-21 19:00,01F3083N,31,56.1,371
2021-05-21 19:00,01F3083N,32,69.2,61
2021-05-21 19:00,01F3083N,41,0.0,0
2021-05-21 19:00,01F3083N,42,91.1,16
2021-05-21 19:00,01F3083N,5,99.3,7
2021-05-21 19:00,01F3083S,31,26.3,253
2021-05-21 19:00,01F3083S,32,33.1,65
2021-05-21 19:00,01F3083S,41,0.0,0
2021-05-21 19:00,01F3083S,42,34.8,9
2021-05-21 19:00,01F3083S,5,43.4,11
2021-05-21 19:00,01F3126N,31,66.7,238
2021-05-21 19:00,01F3126N,32,67.7,61
2021-05-21 19:00,01F3126N,41,11.8,1
2021-05-21 19:00,01F3126N,42,122.3,16
2021-05-21 19:00,01F3126N,5,166.7,6
2021-05-21 19:00,01F3126S,31,21.0,594
2021-05-21 19:00,01F3126S,32,25.4,94
2021-05-21 19:00,01F3126S,41,16.3,1
2021-05-21 19:00,01F3126S,42,21.2,6
2021-05-21 19:00,01F3126S,5,51.6,6
2021-05-21 19:00,01F3185N,31,48.3,494
2021-05-21 19:00,01F3185N,32,51.7,112
2021-05-21 19:00,01F3185N,41,237.0,9
2021-05-21 19:00,01F3185N,42,43.0,15
2021-05-21 19:00,01F3185N,5,58.5,7
2021-05-21 19:00,01F3185S,31,20.5,906
2021-05-21 19:00,01F3185S,32,18.5,201
2021-05-21 19:00,01F3185S,41,22.6,3
2021-05-21 19:00,01F3185S,42,20.5,28
2021-05-21 19:00,01F3185S,5,46.6,21
2021-05-21 19:00,01F3227N,31,45.6,476
2021-05-21 19:00,01F3227N,32,41.0,85
2021-05-21 19:00,01F3227N,41,9.0,1
2021-05-21 19:00,01F3227N,42,94.9,11
2021-05-21 19:00,01F3227N,5,24.9,1
2021-05-21 19:00,01F3227S,31,22.7,534
2021-05-21 19:00,01F3227S,32,24.5,135
2021-05-21 19:00,01F3227S,41,18.7,4
2021-05-21 19:00,01F3227S,42,26.7,17
2021-05-21 19:00,01F3227S,5,42.1,28
2021-05-21 19:00,01F3252N,31,35.8,293
2021-05-21 19:00,01F3252N,32,32.1,74
2021-05-21 19:00,01F3252N,41,0.0,0
2021-05-21 19:00,01F3252N,42,213.6,2
2021-05-21 19:00,01F3252N,5,153.3,4
2021-05-21 19:00,01F3252S,31,0.0,0
2021-05-21 19:00,01F3252S,32,0.0,0
2021-05-21 19:00,01F3252S,41,0.0,0
2021-05-21 19:00,01F3252S,42,0.0,0
2021-05-21 19:00,01F3252S,5,0.0,0
2021-05-21 19:00,01F3286N,31,25.7,457
2021-05-21 19:00,01F3286N,32,28.0,116
2021-05-21 19:00,01F3286N,41,3.3,3
2021-05-21 19:00,01F3286N,42,35.5,18
2021-05-21 19:00,01F3286N,5,19.1,14
2021-05-21 19:00,01F3286S,31,23.4,624
2021-05-21 19:00,01F3286S,32,23.5,170
2021-05-21 19:00,01F3286S,41,0.0,0
2021-05-21 19:00,01F3286S,42,14.5,12
2021-05-21 19:00,01F3286S,5,26.4,3
2021-05-21 19:00,01F3366N,31,31.4,186
2021-05-21 19:00,01F3366N,32,21.7,59
2021-05-21 19:00,01F3366N,41,156.9,1
2021-05-21 19:00,01F3366N,42,74.6,15
2021-05-21 19:00,01F3366N,5,133.2,4
2021-05-21 19:00,01F3366S,31,28.2,527
2021-05-21 19:00,01F3366S,32,26.2,144
2021-05-21 19:00,01F3366S,41,0.0,0
2021-05-21 19:00,01F3366S,42,20.7,12
2021-05-21 19:00,01F3366S,5,35.5,30
2021-05-21 19:00,01F3398N,31,30.1,245
2021-05-21 19:00,01F3398N,32,26.2,96
2021-05-21 19:00,01F3398N,41,0.0,0
2021-05-21 19:00,01F3398N,42,43.5,26
2021-05-21 19:00,01F3398N,5,31.7,32
2021-05-21 19:00,01F3398S,31,24.2,215
2021-05-21 19:00,01F3398S,32,24.9,64
2021-05-21 19:00,01F3398S,41,31.3,1
2021-05-21 19:00,01F3398S,42,9.9,14
2021-05-21 19:00,01F3398S,5,29.9,14
2021-05-21 19:00,01F3460N,31,47.4,162
2021-05-21 19:00,01F3460N,32,38.6,56
2021-05-21 19:00,01F3460N,41,168.0,1
2021-05-21 19:00,01F3460N,42,39.7,17
2021-05-21 19:00,01F3460N,5,67.2,7
2021-05-21 19:00,01F3460S,31,20.7,317
2021-05-21 19:00,01F3460S,32,20.5,70
2021-05-21 19:00,01F3460S,41,17.2,4
2021-05-21 19:00,01F3460S,42,17.0,10
2021-05-21 19:00,01F3460S,5,19.3,19
2021-05-21 19:00,01F3525N,31,42.8,492
2021-05-21 19:00,01F3525N,32,32.9,160
2021-05-21 19:00,01F3525N,41,180.7,8
2021-05-21 19:00,01F3525N,42,90.7,31
2021-05-21 19:00,01F3525N,5,101.3,54
2021-05-21 19:00,01F3525S,31,14.9,632
2021-05-21 19:00,01F3525S,32,14.6,188
2021-05-21 19:00,01F3525S,41,0.0,0
2021-05-21 19:00,01F3525S,42,12.2,44
2021-05-21 19:00,01F3525S,5,15.8,14
2021-05-21 19:00,01F3559N,31,0.0,0
2021-05-21 19:00,01F3559N,32,0.0,0
2021-05-21 19:00,01F3559N,41,0.0,0
2021-05-21 19:00,01F3559N,42,0.0,0
2021-05-21 19:00,01F3559N,5,0.0,0
2021-05-21 19:00,01F3561S,31,0.0,0
2021-05-21 19:00,01F3561S,32,0.0,0
2021-05-21 19:00,01F3561S,41,0.0,0
2021-05-21 19:00,01F3561S,42,0.0,0
2021-05-21 19:00,01F3561S,5,0.0,0
2021-05-21 19:00,01F3590N,31,40.0,638
2021-05-21 19:00,01F3590N,32,46.4,150
2021-05-21 19:00,01F3590N,41,0.0,0
2021-05-21 19:00,01F3590N,42,25.8,31
2021-05-21 19:00,01F3590N,5,88.2,5
2021-05-21 19:00,01F3590S,31,11.2,895
2021-05-21 19:00,01F3590S,32,11.0,248
2021-05-21 19:00,01F3590S,41,10.7,17
2021-05-21 19:00,01F3590S,42,8.4,37
2021-05-21 19:00,01F3590S,5,14.9,28
2021-05-21 19:00,01F3640N,31,33.0,1599
2021-05-21 19:00,01F3640N,32,30.5,345
2021-05-21 19:00,01F3640N,41,55.2,14
2021-05-21 19:00,01F3640N,42,26.4,30
2021-05-21 19:00,01F3640N,5,71.6,4
2021-05-21 19:00,01F3640S,31,6.3,1361
2021-05-21 19:00,01F3640S,32,6.5,376
2021-05-21 19:00,01F3640S,41,6.4,8
2021-05-21 19:00,01F3640S,42,6.3,17
2021-05-21 19:00,01F3640S,5,8.1,27
2021-05-21 19:00,01F3676N,31,3.0,1
2021-05-21 19:00,01F3676N,32,0.0,0
2021-05-21 19:00,01F3676N,41,0.0,0
2021-05-21 19:00,01F3676N,42,0.0,0
2021-05-21 19:00,01F3676N,5,0.0,0
2021-05-21 19:00,01F3676S,31,0.0,0
2021-05-21 19:00,01F3676S,32,0.0,0
2021-05-21 19:00,01F3676S,41,0.0,0
2021-05-21 19:00,01F3676S,42,0.0,0
2021-05-21 19:00,01F3676S,5,0.0,0
2021-05-21 19:00,01F3686S,31,2.4,740
2021-05-21 19:00,01F3686S,32,2.4,214
2021-05-21 19:00,01F3686S,41,2.2,6
2021-05-21 19:00,01F3686S,42,2.2,14
2021-05-21 19:00,01F3686S,5,2.2,1
2021-05-21 19:00,01F3696N,31,18.1,2360
2021-05-21 19:00,01F3696N,32,20.1,643
2021-05-21 19:00,01F3696N,41,33.1,14
2021-05-21 19:00,01F3696N,42,33.1,76
2021-05-21 19:00,01F3696N,5,85.6,156
2021-05-21 19:00,01F3736N,31,13.0,282
2021-05-21 19:00,01F3736N,32,14.9,69
2021-05-21 19:00,01F3736N,41,13.0,3
2021-05-21 19:00,01F3736N,42,24.2,7
2021-05-21 19:00,01F3736N,5,64.3,139
2021-05-21 19:00,01F3736S,31,2.6,34
2021-05-21 19:00,01F3736S,32,2.6,18
2021-05-21 19:00,01F3736S,41,0.0,0
2021-05-21 19:00,01F3736S,42,0.0,0
2021-05-21 19:00,01F3736S,5,2.6,27
2021-05-21 19:00,01H0163S,31,23.3,134
2021-05-21 19:00,01H0163S,32,27.8,42
2021-05-21 19:00,01H0163S,41,0.0,0
2021-05-21 19:00,01H0163S,42,0.0,0
2021-05-21 19:00,01H0163S,5,0.0,0
2021-05-21 19:00,01H0174N,31,14.6,754
2021-05-21 19:00,01H0174N,32,15.0,141
2021-05-21 19:00,01H0174N,41,19.0,18
2021-05-21 19:00,01H0174N,42,0.0,0
2021-05-21 19:00,01H0174N,5,0.0,0
2021-05-21 19:00,01H0200N,31,0.0,0
2021-05-21 19:00,01H0200N,32,0.0,0
2021-05-21 19:00,01H0200N,41,0.0,0
2021-05-21 19:00,01H0200N,42,0.0,0
2021-05-21 19:00,01H0200N,5,0.0,0
2021-05-21 19:00,01H0206S,31,31.1,1010
2021-05-21 19:00,01H0206S,32,32.8,175
2021-05-21 19:00,01H0206S,41,25.1,11
2021-05-21 19:00,01H0206S,42,18.0,2
2021-05-21 19:00,01H0206S,5,0.0,0
2021-05-21 19:00,01H0208N,31,0.0,0
2021-05-21 19:00,01H0208N,32,0.0,0
2021-05-21 19:00,01H0208N,41,0.0,0
2021-05-21 19:00,01H0208N,42,0.0,0
2021-05-21 19:00,01H0208N,5,0.0,0
2021-05-21 19:00,01H0271N,31,18.6,786
2021-05-21 19:00,01H0271N,32,19.8,223
2021-05-21 19:00,01H0271N,41,6.0,2
2021-05-21 19:00,01H0271N,42,9.7,2
2021-05-21 19:00,01H0271N,5,0.0,0
2021-05-21 19:00,01H0305S,31,31.3,593
2021-05-21 19:00,01H0305S,32,37.9,146
2021-05-21 19:00,01H0305S,41,23.6,13
2021-05-21 19:00,01H0305S,42,7.5,3
2021-05-21 19:00,01H0305S,5,0.0,0
2021-05-21 19:00,01H0333N,31,0.0,0
2021-05-21 19:00,01H0333N,32,0.0,0
2021-05-21 19:00,01H0333N,41,0.0,0
2021-05-21 19:00,01H0333N,42,0.0,0
2021-05-21 19:00,01H0333N,5,0.0,0
2021-05-21 19:00,01H0334S,31,0.0,0
2021-05-21 19:00,01H0334S,32,0.0,0
2021-05-21 19:00,01H0334S,41,0.0,0
2021-05-21 19:00,01H0334S,42,0.0,0
2021-05-21 19:00,01H0334S,5,0.0,0
2021-05-21 19:00,01H0447N,31,30.6,372
2021-05-21 19:00,01H0447N,32,32.2,103
2021-05-21 19:00,01H0447N,41,28.9,8
2021-05-21 19:00,01H0447N,42,0.0,0
2021-05-21 19:00,01H0447N,5,0.0,0
2021-05-21 19:00,01H0447S,31,89.1,6
2021-05-21 19:00,01H0447S,32,0.0,0
2021-05-21 19:00,01H0447S,41,0.0,0
2021-05-21 19:00,01H0447S,42,0.0,0
2021-05-21 19:00,01H0447S,5,0.0,0
2021-05-21 19:00,01H0579N,31,32.6,169
2021-05-21 19:00,01H0579N,32,30.7,31
2021-05-21 19:00,01H0579N,41,35.5,2
2021-05-21 19:00,01H0579N,42,0.0,0
2021-05-21 19:00,01H0579N,5,0.0,0
2021-05-21 19:00,01H0579S,31,39.4,234
2021-05-21 19:00,01H0579S,32,36.6,72
2021-05-21 19:00,01H0579S,41,27.7,2
2021-05-21 19:00,01H0579S,42,0.0,0
2021-05-21 19:00,01H0579S,5,0.0,0
2021-05-21 19:00,01H0608N,31,26.3,195
2021-05-21 19:00,01H0608N,32,26.5,39
2021-05-21 19:00,01H0608N,41,0.0,0
2021-05-21 19:00,01H0608N,42,0.0,0
2021-05-21 19:00,01H0608N,5,0.0,0
2021-05-21 19:00,01H0610S,31,0.0,0
2021-05-21 19:00,01H0610S,32,0.0,0
2021-05-21 19:00,01H0610S,41,0.0,0
2021-05-21 19:00,01H0610S,42,0.0,0
2021-05-21 19:00,01H0610S,5,0.0,0
2021-05-21 19:00,03A0015N,31,3.6,159
2021-05-21 19:00,03A0015N,32,3.6,30
2021-05-21 19:00,03A0015N,41,3.6,2
2021-05-21 19:00,03A0015N,42,3.6,7
2021-05-21 19:00,03A0015N,5,0.0,0
2021-05-21 19:00,03A0015S,31,14.0,909
2021-05-21 19:00,03A0015S,32,11.0,136
2021-05-21 19:00,03A0015S,41,35.7,21
2021-05-21 19:00,03A0015S,42,8.2,20
2021-05-21 19:00,03A0015S,5,83.1,1
2021-05-21 19:00,03A0041N,31,3.6,201
2021-05-21 19:00,03A0041N,32,3.6,40
2021-05-21 19:00,03A0041N,41,0.0,0
2021-05-21 19:00,03A0041N,42,5.1,1
2021-05-21 19:00,03A0041N,5,0.0,0
2021-05-21 19:00,03A0041S,31,19.5,655
2021-05-21 19:00,03A0041S,32,17.2,141
2021-05-21 19:00,03A0041S,41,44.4,17
2021-05-21 19:00,03A0041S,42,10.4,8
2021-05-21 19:00,03A0041S,5,249.0,1
2021-05-21 19:00,03F0006S,31,23.0,437
2021-05-21 19:00,03F0006S,32,22.4,82
2021-05-21 19:00,03F0006S,41,17.6,8
2021-05-21 19:00,03F0006S,42,15.3,12
2021-05-21 19:00,03F0006S,5,30.9,26
2021-05-21 19:00,03F0021N,31,2.4,128
2021-05-21 19:00,03F0021N,32,2.4,26
2021-05-21 19:00,03F0021N,41,0.0,0
2021-05-21 19:00,03F0021N,42,2.4,6
2021-05-21 19:00,03F0021N,5,2.4,14
2021-05-21 19:00,03F0054N,31,10.9,19
2021-05-21 19:00,03F0054N,32,10.4,5
2021-05-21 19:00,03F0054N,41,10.9,1
2021-05-21 19:00,03F0054N,42,0.0,0
2021-05-21 19:00,03F0054N,5,0.0,0
2021-05-21 19:00,03F0087S,31,29.2,31
2021-05-21 19:00,03F0087S,32,42.5,9
2021-05-21 19:00,03F0087S,41,0.0,0
2021-05-21 19:00,03F0087S,42,0.0,0
2021-05-21 19:00,03F0087S,5,0.0,0
2021-05-21 19:00,03F0116N,31,15.6,471
2021-05-21 19:00,03F0116N,32,14.9,112
2021-05-21 19:00,03F0116N,41,15.6,18
2021-05-21 19:00,03F0116N,42,19.0,3
2021-05-21 19:00,03F0116N,5,12.4,11
2021-05-21 19:00,03F0116S,31,30.3,67
2021-05-21 19:00,03F0116S,32,27.6,21
2021-05-21 19:00,03F0116S,41,1.8,2
2021-05-21 19:00,03F0116S,42,6.9,4
2021-05-21 19:00,03F0116S,5,153.2,4
2021-05-21 19:00,03F0136S,31,19.9,592
2021-05-21 19:00,03F0136S,32,23.5,146
2021-05-21 19:00,03F0136S,41,21.7,14
2021-05-21 19:00,03F0136S,42,15.9,16
2021-05-21 19:00,03F0136S,5,87.6,13
2021-05-21 19:00,03F0140N,31,11.7,222
2021-05-21 19:00,03F0140N,32,9.0,50
2021-05-21 19:00,03F0140N,41,3.6,3
2021-05-21 19:00,03F0140N,42,8.5,7
2021-05-21 19:00,03F0140N,5,0.0,0
2021-05-21 19:00,03F0150N,31,0.0,0
2021-05-21 19:00,03F0150N,32,0.0,0
2021-05-21 19:00,03F0150N,41,0.0,0
2021-05-21 19:00,03F0150N,42,0.0,0
2021-05-21 19:00,03F0150N,5,0.0,0
2021-05-21 19:00,03F0158S,31,25.8,871
2021-05-21 19:00,03F0158S,32,28.6,181
2021-05-21 19:00,03F0158S,41,36.1,12
2021-05-21 19:00,03F0158S,42,35.5,8
2021-05-21 19:00,03F0158S,5,0.0,0
2021-05-21 19:00,03F0201N,31,11.7,73
2021-05-21 19:00,03F0201N,32,10.1,14
2021-05-21 19:00,03F0201N,41,8.1,1
2021-05-21 19:00,03F0201N,42,8.1,1
2021-05-21 19:00,03F0201N,5,0.0,0
2021-05-21 19:00,03F0201S,31,14.6,2
2021-05-21 19:00,03F0201S,32,0.0,0
2021-05-21 19:00,03F0201S,41,0.0,0
2021-05-21 19:00,03F0201S,42,0.0,0
2021-05-21 19:00,03F0201S,5,0.0,0
2021-05-21 19:00,03F0217N,31,17.1,333
2021-05-21 19:00,03F0217N,32,14.9,79
2021-05-21 19:00,03F0217N,41,25.9,12
2021-05-21 19:00,03F0217N,42,16.2,4
2021-05-21 19:00,03F0217N,5,0.0,0
2021-05-21 19:00,03F0217S,31,18.9,135
2021-05-21 19:00,03F0217S,32,19.0,37
2021-05-21 19:00,03F0217S,41,41.9,1
2021-05-21 19:00,03F0217S,42,15.1,1
2021-05-21 19:00,03F0217S,5,32.0,2
2021-05-21 19:00,03F0301N,31,18.5,234
2021-05-21 19:00,03F0301N,32,17.3,76
2021-05-21 19:00,03F0301N,41,18.4,2
2021-05-21 19:00,03F0301N,42,15.0,9
2021-05-21 19:00,03F0301N,5,18.4,1
2021-05-21 19:00,03F0301S,31,27.9,335
2021-05-21 19:00,03F0301S,32,21.0,87
2021-05-21 19:00,03F0301S,41,13.7,3
2021-05-21 19:00,03F0301S,42,10.1,15
2021-05-21 19:00,03F0301S,5,0.0,0
2021-05-21 19:00,03F0337S,31,27.5,860
2021-05-21 19:00,03F0337S,32,29.2,213
2021-05-21 19:00,03F0337S,41,28.1,13
2021-05-21 19:00,03F0337S,42,87.3,31
2021-05-21 19:00,03F0337S,5,17.3,4
2021-05-21 19:00,03F0338N,31,17.1,739
2021-05-21 19:00,03F0338N,32,16.9,230
2021-05-21 19:00,03F0338N,41,19.9,7
2021-05-21 19:00,03F0338N,42,10.9,17
2021-05-21 19:00,03F0338N,5,11.0,4
2021-05-21 19:00,03F0394N,31,18.3,556
2021-05-21 19:00,03F0394N,32,17.1,154
2021-05-21 19:00,03F0394N,41,0.0,0
2021-05-21 19:00,03F0394N,42,10.4,17
2021-05-21 19:00,03F0394N,5,17.7,7
2021-05-21 19:00,03F0394S,31,37.0,1007
2021-05-21 19:00,03F0394S,32,32.8,284
2021-05-21 19:00,03F0394S,41,48.9,24
2021-05-21 19:00,03F0394S,42,42.2,29
2021-05-21 19:00,03F0394S,5,113.2,2
2021-05-21 19:00,03F0447N,31,12.4,412
2021-05-21 19:00,03F0447N,32,12.3,84
2021-05-21 19:00,03F0447N,41,4.7,10
2021-05-21 19:00,03F0447N,42,10.8,14
2021-05-21 19:00,03F0447N,5,42.1,1
2021-05-21 19:00,03F0447S,31,29.7,1161
2021-05-21 19:00,03F0447S,32,28.9,289
2021-05-21 19:00,03F0447S,41,14.3,36
2021-05-21 19:00,03F0447S,42,50.6,24
2021-05-21 19:00,03F0447S,5,46.8,13
2021-05-21 19:00,03F0498N,31,17.9,240
2021-05-21 19:00,03F0498N,32,16.4,80
2021-05-21 19:00,03F0498N,41,12.2,28
2021-05-21 19:00,03F0498N,42,29.2,6
2021-05-21 19:00,03F0498N,5,31.9,2
2021-05-21 19:00,03F0498S,31,0.0,0
2021-05-21 19:00,03F0498S,32,126.5,1
2021-05-21 19:00,03F0498S,41,0.0,0
2021-05-21 19:00,03F0498S,42,0.0,0
2021-05-21 19:00,03F0498S,5,0.0,0
2021-05-21 19:00,03F0525N,31,18.6,896
2021-05-21 19:00,03F0525N,32,16.2,255
2021-05-21 19:00,03F0525N,41,15.8,9
2021-05-21 19:00,03F0525N,42,12.2,25
2021-05-21 19:00,03F0525N,5,12.8,3
2021-05-21 19:00,03F0525S,31,31.7,388
2021-05-21 19:00,03F0525S,32,31.7,117
2021-05-21 19:00,03F0525S,41,11.2,3
2021-05-21 19:00,03F0525S,42,37.3,29
2021-05-21 19:00,03F0525S,5,87.3,20
2021-05-21 19:00,03F0559N,31,22.3,647
2021-05-21 19:00,03F0559N,32,23.2,200
2021-05-21 19:00,03F0559N,41,21.1,12
2021-05-21 19:00,03F0559N,42,18.0,31
2021-05-21 19:00,03F0559N,5,36.2,2
2021-05-21 19:00,03F0559S,31,38.7,542
2021-05-21 19:00,03F0559S,32,41.8,120
2021-05-21 19:00,03F0559S,41,8.3,3
2021-05-21 19:00,03F0559S,42,49.3,17
2021-05-21 19:00,03F0559S,5,59.1,9
2021-05-21 19:00,03F0648N,31,23.5,429
2021-05-21 19:00,03F0648N,32,21.8,98
2021-05-21 19:00,03F0648N,41,24.1,6
2021-05-21 19:00,03F0648N,42,12.5,9
2021-05-21 19:00,03F0648N,5,5.6,1
2021-05-21 19:00,03F0648S,31,52.1,245
2021-05-21 19:00,03F0648S,32,52.7,43
2021-05-21 19:00,03F0648S,41,0.0,0
2021-05-21 19:00,03F0648S,42,49.6,15
2021-05-21 19:00,03F0648S,5,150.0,6
2021-05-21 19:00,03F0698N,31,29.0,22
2021-05-21 19:00,03F0698N,32,27.2,6
2021-05-21 19:00,03F0698N,41,0.0,0
2021-05-21 19:00,03F0698N,42,0.0,0
2021-05-21 19:00,03F0698N,5,0.0,0
2021-05-21 19:00,03F0698S,31,77.5,193
2021-05-21 19:00,03F0698S,32,63.8,44
2021-05-21 19:00,03F0698S,41,22.0,1
2021-05-21 19:00,03F0698S,42,0.0,0
2021-05-21 19:00,03F0698S,5,53.5,2
2021-05-21 19:00,03F0783N,31,27.6,119
2021-05-21 19:00,03F0783N,32,27.0,29
2021-05-21 19:00,03F0783N,41,0.0,0
2021-05-21 19:00,03F0783N,42,27.0,3
2021-05-21 19:00,03F0783N,5,0.0,0
2021-05-21 19:00,03F0783S,31,25.2,16
2021-05-21 19:00,03F0783S,32,14.1,2
2021-05-21 19:00,03F0783S,41,0.0,0
2021-05-21 19:00,03F0783S,42,14.1,2
2021-05-21 19:00,03F0783S,5,0.0,0
2021-05-21 19:00,03F0846N,31,37.5,362
2021-05-21 19:00,03F0846N,32,39.8,105
2021-05-21 19:00,03F0846N,41,47.3,1
2021-05-21 19:00,03F0846N,42,48.7,7
2021-05-21 19:00,03F0846N,5,34.6,2
2021-05-21 19:00,03F0846S,31,40.6,107
2021-05-21 19:00,03F0846S,32,32.2,21
2021-05-21 19:00,03F0846S,41,0.0,0
2021-05-21 19:00,03F0846S,42,62.1,5
2021-05-21 19:00,03F0846S,5,75.9,8
2021-05-21 19:00,03F0961N,31,34.3,433
2021-05-21 19:00,03F0961N,32,32.5,71
2021-05-21 19:00,03F0961N,41,15.8,6
2021-05-21 19:00,03F0961N,42,44.4,1
2021-05-21 19:00,03F0961N,5,40.9,4
2021-05-21 19:00,03F0961S,31,50.3,208
2021-05-21 19:00,03F0961S,32,51.0,47
2021-05-21 19:00,03F0961S,41,8.5,1
2021-05-21 19:00,03F0961S,42,43.3,3
2021-05-21 19:00,03F0961S,5,82.7,2
2021-05-21 19:00,03F0996N,31,2.0,2
2021-05-21 19:00,03F0996N,32,0.0,0
2021-05-21 19:00,03F0996N,41,0.0,0
2021-05-21 19:00,03F0996N,42,0.0,0
2021-05-21 19:00,03F0996N,5,0.0,0
2021-05-21 19:00,03F0996S,31,29.6,693
2021-05-21 19:00,03F0996S,32,21.4,130
2021-05-21 19:00,03F0996S,41,20.5,12
2021-05-21 19:00,03F0996S,42,60.6,6
2021-05-21 19:00,03F0996S,5,76.7,8
2021-05-21 19:00,03F1022N,31,32.4,265
2021-05-21 19:00,03F1022N,32,31.1,56
2021-05-21 19:00,03F1022N,41,8.6,3
2021-05-21 19:00,03F1022N,42,27.6,5
2021-05-21 19:00,03F1022N,5,35.2,1
2021-05-21 19:00,03F1022S,31,0.0,0
2021-05-21 19:00,03F1022S,32,0.0,0
2021-05-21 19:00,03F1022S,41,0.0,0
2021-05-21 19:00,03F1022S,42,0.0,0
2021-05-21 19:00,03F1022S,5,0.0,0
2021-05-21 19:00,03F1051N,31,20.4,647
2021-05-21 19:00,03F1051N,32,26.0,111
2021-05-21 19:00,03F1051N,41,13.8,10
2021-05-21 19:00,03F1051N,42,31.9,10
2021-05-21 19:00,03F1051N,5,45.0,7
2021-05-21 19:00,03F1051S,31,48.6,198
2021-05-21 19:00,03F1051S,32,65.4,25
2021-05-21 19:00,03F1051S,41,0.0,0
2021-05-21 19:00,03F1051S,42,17.3,7
2021-05-21 19:00,03F1051S,5,0.0,0
2021-05-21 19:00,03F1128N,31,31.2,204
2021-05-21 19:00,03F1128N,32,42.4,46
2021-05-21 19:00,03F1128N,41,0.0,0
2021-05-21 19:00,03F1128N,42,17.4,5
2021-05-21 19:00,03F1128N,5,0.0,0
2021-05-21 19:00,03F1128S,31,46.7,262
2021-05-21 19:00,03F1128S,32,69.1,53
2021-05-21 19:00,03F1128S,41,0.0,0
2021-05-21 19:00,03F1128S,42,96.1,17
2021-05-21 19:00,03F1128S,5,104.0,27
2021-05-21 19:00,03F1161N,31,43.3,102
2021-05-21 19:00,03F1161N,32,50.5,20
2021-05-21 19:00,03F1161N,41,9.5,1
2021-05-21 19:00,03F1161N,42,35.6,12
2021-05-21 19:00,03F1161N,5,64.0,35
2021-05-21 19:00,03F1161S,31,0.0,0
2021-05-21 19:00,03F1161S,32,0.0,0
2021-05-21 19:00,03F1161S,41,0.0,0
2021-05-21 19:00,03F1161S,42,0.0,0
2021-05-21 19:00,03F1161S,5,0.0,0
2021-05-21 19:00,03F1215N,31,27.5,67
2021-05-21 19:00,03F1215N,32,26.8,14
2021-05-21 19:00,03F1215N,41,0.0,0
2021-05-21 19:00,03F1215N,42,32.5,2
2021-05-21 19:00,03F1215N,5,5.4,1
2021-05-21 19:00,03F1215S,31,58.7,98
2021-05-21 19:00,03F1215S,32,61.0,37
2021-05-21 19:00,03F1215S,41,0.0,0
2021-05-21 19:00,03F1215S,42,114.2,5
2021-05-21 19:00,03F1215S,5,73.7,4
2021-05-21 19:00,03F1257N,31,34.4,86
2021-05-21 19:00,03F1257N,32,40.6,22
2021-05-21 19:00,03F1257N,41,0.0,0
2021-05-21 19:00,03F1257N,42,49.3,4
2021-05-21 19:00,03F1257N,5,20.6,1
2021-05-21 19:00,03F1257S,31,28.8,15
2021-05-21 19:00,03F1257S,32,97.0,2
2021-05-21 19:00,03F1257S,41,0.0,0
2021-05-21 19:00,03F1257S,42,47.5,2
2021-05-21 19:00,03F1257S,5,0.0,0
2021-05-21 19:00,03F1332N,31,14.1,1
2021-05-21 19:00,03F1332N,32,0.0,0
2021-05-21 19:00,03F1332N,41,0.0,0
2021-05-21 19:00,03F1332N,42,0.0,0
2021-05-21 19:00,03F1332N,5,19.8,1
2021-05-21 19:00,03F1332S,31,43.3,45
2021-05-21 19:00,03F1332S,32,42.9,19
2021-05-21 19:00,03F1332S,41,0.0,0
2021-05-21 19:00,03F1332S,42,51.4,2
2021-05-21 19:00,03F1332S,5,92.7,4
2021-05-21 19:00,03F1395N,31,61.2,64
2021-05-21 19:00,03F1395N,32,69.5,30
2021-05-21 19:00,03F1395N,41,117.4,6
2021-05-21 19:00,03F1395N,42,29.4,5
2021-05-21 19:00,03F1395N,5,47.5,3
2021-05-21 19:00,03F1395S,31,57.3,4
2021-05-21 19:00,03F1395S,32,44.0,2
2021-05-21 19:00,03F1395S,41,0.0,0
2021-05-21 19:00,03F1395S,42,0.0,0
2021-05-21 19:00,03F1395S,5,176.6,2
2021-05-21 19:00,03F1485N,31,49.4,61
2021-05-21 19:00,03F1485N,32,38.4,11
2021-05-21 19:00,03F1485N,41,0.0,0
2021-05-21 19:00,03F1485N,42,52.1,6
2021-05-21 19:00,03F1485N,5,47.2,1
2021-05-21 19:00,03F1485S,31,44.1,56
2021-05-21 19:00,03F1485S,32,22.7,19
2021-05-21 19:00,03F1485S,41,0.0,0
2021-05-21 19:00,03F1485S,42,35.1,2
2021-05-21 19:00,03F1485S,5,160.0,3
2021-05-21 19:00,03F1633N,31,34.1,74
2021-05-21 19:00,03F1633N,32,55.8,15
2021-05-21 19:00,03F1633N,41,0.0,0
2021-05-21 19:00,03F1633N,42,7.4,1
2021-05-21 19:00,03F1633N,5,7.4,5
2021-05-21 19:00,03F1633S,31,25.4,281
2021-05-21 19:00,03F1633S,32,22.8,74
2021-05-21 19:00,03F1633S,41,0.0,0
2021-05-21 19:00,03F1633S,42,26.2,12
2021-05-21 19:00,03F1633S,5,35.3,4
2021-05-21 19:00,03F1651N,31,35.6,144
2021-05-21 19:00,03F1651N,32,28.3,32
2021-05-21 19:00,03F1651N,41,0.0,0
2021-05-21 19:00,03F1651N,42,16.1,10
2021-05-21 19:00,03F1651N,5,85.1,22
2021-05-21 19:00,03F1651S,31,23.0,238
2021-05-21 19:00,03F1651S,32,20.1,70
2021-05-21 19:00,03F1651S,41,35.5,8
2021-05-21 19:00,03F1651S,42,17.6,6
2021-05-21 19:00,03F1651S,5,11.9,8
2021-05-21 19:00,03F1710N,31,52.9,5
2021-05-21 19:00,03F1710N,32,81.2,2
2021-05-21 19:00,03F1710N,41,0.0,0
2021-05-21 19:00,03F1710N,42,0.0,0
2021-05-21 19:00,03F1710N,5,96.2,1
2021-05-21 19:00,03F1710S,31,21.7,139
2021-05-21 19:00,03F1710S,32,27.8,42
2021-05-21 19:00,03F1710S,41,0.0,0
2021-05-21 19:00,03F1710S,42,17.4,6
2021-05-21 19:00,03F1710S,5,94.9,4
2021-05-21 19:00,03F1739N,31,42.1,293
2021-05-21 19:00,03F1739N,32,44.1,69
2021-05-21 19:00,03F1739N,41,45.6,2
2021-05-21 19:00,03F1739N,42,65.3,3
2021-05-21 19:00,03F1739N,5,49.5,4
2021-05-21 19:00,03F1739S,31,5.9,3
2021-05-21 19:00,03F1739S,32,3.7,1
2021-05-21 19:00,03F1739S,41,0.0,0
2021-05-21 19:00,03F1739S,42,0.0,0
2021-05-21 19:00,03F1739S,5,0.0,0
2021-05-21 19:00,03F1779N,31,30.7,278
2021-05-21 19:00,03F1779N,32,29.1,67
2021-05-21 19:00,03F1779N,41,79.2,2
2021-05-21 19:00,03F1779N,42,46.7,18
2021-05-21 19:00,03F1779N,5,34.9,6
2021-05-21 19:00,03F1779S,31,38.4,245
2021-05-21 19:00,03F1779S,32,28.7,77
2021-05-21 19:00,03F1779S,41,0.0,0
2021-05-21 19:00,03F1779S,42,29.9,11
2021-05-21 19:00,03F1779S,5,140.8,17
2021-05-21 19:00,03F1860N,31,30.1,132
2021-05-21 19:00,03F1860N,32,33.5,40
2021-05-21 19:00,03F1860N,41,0.0,0
2021-05-21 19:00,03F1860N,42,92.4,3
2021-05-21 19:00,03F1860N,5,105.1,2
2021-05-21 19:00,03F1860S,31,42.6,421
2021-05-21 19:00,03F1860S,32,37.3,95
2021-05-21 19:00,03F1860S,41,120.8,1
2021-05-21 19:00,03F1860S,42,28.4,28
2021-05-21 19:00,03F1860S,5,59.8,11
2021-05-21 19:00,03F1941N,31,9.6,2
2021-05-21 19:00,03F1941N,32,0.0,0
2021-05-21 19:00,03F1941N,41,0.0,0
2021-05-21 19:00,03F1941N,42,0.0,0
2021-05-21 19:00,03F1941N,5,0.0,0
2021-05-21 19:00,03F1944S,31,19.9,437
2021-05-21 19:00,03F1944S,32,21.1,113
2021-05-21 19:00,03F1944S,41,0.0,0
2021-05-21 19:00,03F1944S,42,26.4,18
2021-05-21 19:00,03F1944S,5,88.1,99
2021-05-21 19:00,03F1991S,31,5.3,2
2021-05-21 19:00,03F1991S,32,0.0,0
2021-05-21 19:00,03F1991S,41,0.0,0
2021-05-21 19:00,03F1991S,42,0.0,0
2021-05-21 19:00,03F1991S,5,5.3,1
2021-05-21 19:00,03F1992N,31,25.8,399
2021-05-21 19:00,03F1992N,32,22.2,95
2021-05-21 19:00,03F1992N,41,0.0,0
2021-05-21 19:00,03F1992N,42,25.8,19
2021-05-21 19:00,03F1992N,5,24.2,6
2021-05-21 19:00,03F2066N,31,16.5,122
2021-05-21 19:00,03F2066N,32,27.8,43
2021-05-21 19:00,03F2066N,41,0.0,0
2021-05-21 19:00,03F2066N,42,41.5,20
2021-05-21 19:00,03F2066N,5,72.1,13
2021-05-21 19:00,03F2066S,31,22.4,807
2021-05-21 19:00,03F2066S,32,20.0,197
2021-05-21 19:00,03F2066S,41,58.5,8
2021-05-21 19:00,03F2066S,42,14.3,27
2021-05-21 19:00,03F2066S,5,19.8,9
2021-05-21 19:00,03F2078N,31,34.7,214
2021-05-21 19:00,03F2078N,32,27.3,54
2021-05-21 19:00,03F2078N,41,0.0,0
2021-05-21 19:00,03F2078N,42,32.9,7
2021-05-21 19:00,03F2078N,5,21.6,7
2021-05-21 19:00,03F2079S,31,23.2,169
2021-05-21 19:00,03F2079S,32,12.1,55
2021-05-21 19:00,03F2079S,41,0.0,0
2021-05-21 19:00,03F2079S,42,6.0,3
2021-05-21 19:00,03F2079S,5,1.7,2
2021-05-21 19:00,03F2100N,31,24.5,327
2021-05-21 19:00,03F2100N,32,25.9,95
2021-05-21 19:00,03F2100N,41,12.1,3
2021-05-21 19:00,03F2100N,42,54.5,17
2021-05-21 19:00,03F2100N,5,46.8,14
2021-05-21 19:00,03F2100S,31,30.2,349
2021-05-21 19:00,03F2100S,32,25.2,87
2021-05-21 19:00,03F2100S,41,5.0,5
2021-05-21 19:00,03F2100S,42,30.2,4
2021-05-21 19:00,03F2100S,5,17.1,5
2021-05-21 19:00,03F2125N,31,15.7,428
2021-05-21 19:00,03F2125N,32,12.6,123
2021-05-21 19:00,03F2125N,41,6.4,8
2021-05-21 19:00,03F2125N,42,31.3,16
2021-05-21 19:00,03F2125N,5,58.8,14
2021-05-21 19:00,03F2129S,31,28.4,1069
2021-05-21 19:00,03F2129S,32,23.9,262
2021-05-21 19:00,03F2129S,41,8.6,2
2021-05-21 19:00,03F2129S,42,39.8,29
2021-05-21 19:00,03F2129S,5,13.2,6
2021-05-21 19:00,03F2152S,31,42.5,120
2021-05-21 19:00,03F2152S,32,31.1,39
2021-05-21 19:00,03F2152S,41,22.8,1
2021-05-21 19:00,03F2152S,42,37.3,13
2021-05-21 19:00,03F2152S,5,30.9,4
2021-05-21 19:00,03F2153N,31,16.3,154
2021-05-21 19:00,03F2153N,32,12.6,47
2021-05-21 19:00,03F2153N,41,15.1,2
2021-05-21 19:00,03F2153N,42,12.5,12
2021-05-21 19:00,03F2153N,5,50.5,5
2021-05-21 19:00,03F2194N,31,13.1,359
2021-05-21 19:00,03F2194N,32,11.3,132
2021-05-21 19:00,03F2194N,41,11.2,1
2021-05-21 19:00,03F2194N,42,22.8,16
2021-05-21 19:00,03F2194N,5,12.3,2
2021-05-21 19:00,03F2194S,31,24.9,80
2021-05-21 19:00,03F2194S,32,21.7,29
2021-05-21 19:00,03F2194S,41,19.6,2
2021-05-21 19:00,03F2194S,42,7.5,2
2021-05-21 19:00,03F2194S,5,0.0,0
2021-05-21 19:00,03F2231N,31,18.8,381
2021-05-21 19:00,03F2231N,32,22.0,97
2021-05-21 19:00,03F2231N,41,0.0,0
2021-05-21 19:00,03F2231N,42,33.1,13
2021-05-21 19:00,03F2231N,5,27.6,5
2021-05-21 19:00,03F2235S,31,20.2,137
2021-05-21 19:00,03F2235S,32,17.5,37
2021-05-21 19:00,03F2235S,41,14.3,1
2021-05-21 19:00,03F2235S,42,5.1,4
2021-05-21 19:00,03F2235S,5,0.0,0
2021-05-21 19:00,03F2260N,31,20.9,314
2021-05-21 19:00,03F2260N,32,18.9,76
2021-05-21 19:00,03F2260N,41,0.0,0
2021-05-21 19:00,03F2260N,42,18.7,5
2021-05-21 19:00,03F2260N,5,34.5,8
2021-05-21 19:00,03F2261S,31,25.1,135
2021-05-21 19:00,03F2261S,32,35.9,24
2021-05-21 19:00,03F2261S,41,54.7,1
2021-05-21 19:00,03F2261S,42,25.4,1
2021-05-21 19:00,03F2261S,5,0.0,0
2021-05-21 19:00,03F2306N,31,14.8,35
2021-05-21 19:00,03F2306N,32,39.1,19
2021-05-21 19:00,03F2306N,41,0.0,0
2021-05-21 19:00,03F2306N,42,0.0,0
2021-05-21 19:00,03F2306N,5,0.0,0
2021-05-21 19:00,03F2306S,31,28.6,62
2021-05-21 19:00,03F2306S,32,37.5,15
2021-05-21 19:00,03F2306S,41,0.0,0
2021-05-21 19:00,03F2306S,42,73.0,2
2021-05-21 19:00,03F2306S,5,167.1,1
2021-05-21 19:00,03F2336N,31,29.1,184
2021-05-21 19:00,03F2336N,32,22.8,61
2021-05-21 19:00,03F2336N,41,22.1,3
2021-05-21 19:00,03F2336N,42,24.7,10
2021-05-21 19:00,03F2336N,5,29.5,3
2021-05-21 19:00,03F2336S,31,41.6,20
2021-05-21 19:00,03F2336S,32,14.1,6
2021-05-21 19:00,03F2336S,41,0.0,0
2021-05-21 19:00,03F2336S,42,0.0,0
2021-05-21 19:00,03F2336S,5,0.0,0
2021-05-21 19:00,03F2415N,31,33.1,125
2021-05-21 19:00,03F2415N,32,34.3,34
2021-05-21 19:00,03F2415N,41,0.0,0
2021-05-21 19:00,03F2415N,42,29.4,5
2021-05-21 19:00,03F2415N,5,189.8,1
2021-05-21 19:00,03F2415S,31,37.7,40
2021-05-21 19:00,03F2415S,32,23.1,11
2021-05-21 19:00,03F2415S,41,165.1,1
2021-05-21 19:00,03F2415S,42,26.1,3
2021-05-21 19:00,03F2415S,5,0.0,0
2021-05-21 19:00,03F2447N,31,50.7,35
2021-05-21 19:00,03F2447N,32,47.1,23
2021-05-21 19:00,03F2447N,41,0.0,0
2021-05-21 19:00,03F2447N,42,59.1,6
2021-05-21 19:00,03F2447N,5,48.0,1
2021-05-21 19:00,03F2447S,31,47.3,36
2021-05-21 19:00,03F2447S,32,36.8,9
2021-05-21 19:00,03F2447S,41,0.0,0
2021-05-21 19:00,03F2447S,42,6.4,1
2021-05-21 19:00,03F2447S,5,0.0,0
2021-05-21 19:00,03F2535N,31,36.9,139
2021-05-21 19:00,03F2535N,32,34.5,34
2021-05-21 19:00,03F2535N,41,0.0,0
2021-05-21 19:00,03F2535N,42,86.9,4
2021-05-21 19:00,03F2535N,5,76.3,5
2021-05-21 19:00,03F2535S,31,34.9,50
2021-05-21 19:00,03F2535S,32,35.5,18
2021-05-21 19:00,03F2535S,41,0.0,0
2021-05-21 19:00,03F2535S,42,72.0,3
2021-05-21 19:00,03F2535S,5,47.4,1
2021-05-21 19:00,03F2614N,31,34.6,147
2021-05-21 19:00,03F2614N,32,32.7,46
2021-05-21 19:00,03F2614N,41,0.0,0
2021-05-21 19:00,03F2614N,42,49.8,8
2021-05-21 19:00,03F2614N,5,22.7,9
2021-05-21 19:00,03F2614S,31,35.2,109
2021-05-21 19:00,03F2614S,32,36.3,33
2021-05-21 19:00,03F2614S,41,0.0,0
2021-05-21 19:00,03F2614S,42,52.8,3
2021-05-21 19:00,03F2614S,5,52.1,4
2021-05-21 19:00,03F2709N,31,0.0,0
2021-05-21 19:00,03F2709N,32,7.7,1
2021-05-21 19:00,03F2709N,41,0.0,0
2021-05-21 19:00,03F2709N,42,0.0,0
2021-05-21 19:00,03F2709N,5,0.0,0
2021-05-21 19:00,03F2709S,31,41.0,109
2021-05-21 19:00,03F2709S,32,53.3,21
2021-05-21 19:00,03F2709S,41,28.3,1
2021-05-21 19:00,03F2709S,42,130.1,2
2021-05-21 19:00,03F2709S,5,10.2,1
2021-05-21 19:00,03F2747N,31,16.2,2
2021-05-21 19:00,03F2747N,32,0.0,0
2021-05-21 19:00,03F2747N,41,0.0,0
2021-05-21 19:00,03F2747N,42,0.0,0
2021-05-21 19:00,03F2747N,5,0.0,0
2021-05-21 19:00,03F2747S,31,51.2,37
2021-05-21 19:00,03F2747S,32,24.0,6
2021-05-21 19:00,03F2747S,41,0.0,0
2021-05-21 19:00,03F2747S,42,0.0,0
2021-05-21 19:00,03F2747S,5,0.0,0
2021-05-21 19:00,03F2777N,31,52.7,66
2021-05-21 19:00,03F2777N,32,43.8,16
2021-05-21 19:00,03F2777N,41,0.0,0
2021-05-21 19:00,03F2777N,42,19.1,1
2021-05-21 19:00,03F2777N,5,19.1,1
2021-05-21 19:00,03F2777S,31,42.8,3
2021-05-21 19:00,03F2777S,32,34.8,1
2021-05-21 19:00,03F2777S,41,0.0,0
2021-05-21 19:00,03F2777S,42,2.5,1
2021-05-21 19:00,03F2777S,5,0.0,0
2021-05-21 19:00,03F2840N,31,33.8,190
2021-05-21 19:00,03F2840N,32,46.3,42
2021-05-21 19:00,03F2840N,41,0.0,0
2021-05-21 19:00,03F2840N,42,17.5,3
2021-05-21 19:00,03F2840N,5,82.8,2
2021-05-21 19:00,03F2840S,31,25.3,133
2021-05-21 19:00,03F2840S,32,19.5,42
2021-05-21 19:00,03F2840S,41,18.1,1
2021-05-21 19:00,03F2840S,42,26.2,8
2021-05-21 19:00,03F2840S,5,0.0,0
2021-05-21 19:00,03F2899N,31,0.0,0
2021-05-21 19:00,03F2899N,32,0.0,0
2021-05-21 19:00,03F2899N,41,0.0,0
2021-05-21 19:00,03F2899N,42,0.0,0
2021-05-21 19:00,03F2899N,5,0.0,0
2021-05-21 19:00,03F2899S,31,0.0,0
2021-05-21 19:00,03F2899S,32,0.0,0
2021-05-21 19:00,03F2899S,41,0.0,0
2021-05-21 19:00,03F2899S,42,0.0,0
2021-05-21 19:00,03F2899S,5,0.0,0
2021-05-21 19:00,03F2923N,31,35.3,113
2021-05-21 19:00,03F2923N,32,28.6,37
2021-05-21 19:00,03F2923N,41,0.0,0
2021-05-21 19:00,03F2923N,42,43.0,10
2021-05-21 19:00,03F2923N,5,14.4,3
2021-05-21 19:00,03F2923S,31,27.8,154
2021-05-21 19:00,03F2923S,32,36.7,45
2021-05-21 19:00,03F2923S,41,0.0,0
2021-05-21 19:00,03F2923S,42,19.3,5
2021-05-21 19:00,03F2923S,5,80.6,4
2021-05-21 19:00,03F2985N,31,19.3,181
2021-05-21 19:00,03F2985N,32,22.4,51
2021-05-21 19:00,03F2985N,41,0.0,0
2021-05-21 19:00,03F2985N,42,9.9,8
2021-05-21 19:00,03F2985N,5,25.9,6
2021-05-21 19:00,03F2985S,31,37.1,137
2021-05-21 19:00,03F2985S,32,35.7,35
2021-05-21 19:00,03F2985S,41,0.0,0
2021-05-21 19:00,03F2985S,42,25.8,4
2021-05-21 19:00,03F2985S,5,0.0,0
2021-05-21 19:00,03F3101N,31,34.2,38
2021-05-21 19:00,03F3101N,32,69.0,11
2021-05-21 19:00,03F3101N,41,0.0,0
2021-05-21 19:00,03F3101N,42,11.2,1
2021-05-21 19:00,03F3101N,5,43.0,2
2021-05-21 19:00,03F3101S,31,61.5,59
2021-05-21 19:00,03F3101S,32,58.7,16
2021-05-21 19:00,03F3101S,41,0.0,0
2021-05-21 19:00,03F3101S,42,11.2,1
2021-05-21 19:00,03F3101S,5,39.7,1
2021-05-21 19:00,03F3187N,31,62.0,5
2021-05-21 19:00,03F3187N,32,110.9,1
2021-05-21 19:00,03F3187N,41,0.0,0
2021-05-21 19:00,03F3187N,42,0.0,0
2021-05-21 19:00,03F3187N,5,43.0,1
2021-05-21 19:00,03F3187S,31,46.6,49
2021-05-21 19:00,03F3187S,32,47.4,12
2021-05-21 19:00,03F3187S,41,0.0,0
2021-05-21 19:00,03F3187S,42,32.4,8
2021-05-21 19:00,03F3187S,5,45.3,1
2021-05-21 19:00,03F3211N,31,62.0,27
2021-05-21 19:00,03F3211N,32,80.0,5
2021-05-21 19:00,03F3211N,41,0.0,0
2021-05-21 19:00,03F3211N,42,0.0,0
2021-05-21 19:00,03F3211N,5,50.4,2
2021-05-21 19:00,03F3211S,31,36.3,10
2021-05-21 19:00,03F3211S,32,32.2,3
2021-05-21 19:00,03F3211S,41,0.0,0
2021-05-21 19:00,03F3211S,42,0.0,0
2021-05-21 19:00,03F3211S,5,0.0,0
2021-05-21 19:00,03F3259N,31,39.8,23
2021-05-21 19:00,03F3259N,32,49.2,8
2021-05-21 19:00,03F3259N,41,0.0,0
2021-05-21 19:00,03F3259N,42,25.2,5
2021-05-21 19:00,03F3259N,5,0.0,0
2021-05-21 19:00,03F3259S,31,32.7,83
2021-05-21 19:00,03F3259S,32,35.3,14
2021-05-21 19:00,03F3259S,41,0.0,0
2021-05-21 19:00,03F3259S,42,26.5,5
2021-05-21 19:00,03F3259S,5,15.1,2
2021-05-21 19:00,03F3307N,31,45.3,78
2021-05-21 19:00,03F3307N,32,43.5,23
2021-05-21 19:00,03F3307N,41,0.0,0
2021-05-21 19:00,03F3307N,42,106.3,2
2021-05-21 19:00,03F3307N,5,120.9,1
2021-05-21 19:00,03F3307S,31,25.9,76
2021-05-21 19:00,03F3307S,32,29.6,15
2021-05-21 19:00,03F3307S,41,0.0,0
2021-05-21 19:00,03F3307S,42,60.4,3
2021-05-21 19:00,03F3307S,5,78.3,1
2021-05-21 19:00,03F3392N,31,50.7,232
2021-05-21 19:00,03F3392N,32,45.9,39
2021-05-21 19:00,03F3392N,41,0.0,0
2021-05-21 19:00,03F3392N,42,49.7,5
2021-05-21 19:00,03F3392N,5,31.3,8
2021-05-21 19:00,03F3392S,31,35.1,222
2021-05-21 19:00,03F3392S,32,34.7,65
2021-05-21 19:00,03F3392S,41,51.0,3
2021-05-21 19:00,03F3392S,42,41.0,13
2021-05-21 19:00,03F3392S,5,34.1,13
2021-05-21 19:00,03F3445N,31,51.2,144
2021-05-21 19:00,03F3445N,32,46.6,33
2021-05-21 19:00,03F3445N,41,78.4,2
2021-05-21 19:00,03F3445N,42,15.6,2
2021-05-21 19:00,03F3445N,5,9.3,2
2021-05-21 19:00,03F3445S,31,35.2,193
2021-05-21 19:00,03F3445S,32,27.8,50
2021-05-21 19:00,03F3445S,41,0.0,0
2021-05-21 19:00,03F3445S,42,24.8,2
2021-05-21 19:00,03F3445S,5,51.8,6
2021-05-21 19:00,03F3496N,31,56.5,226
2021-05-21 19:00,03F3496N,32,38.3,62
2021-05-21 19:00,03F3496N,41,10.1,2
2021-05-21 19:00,03F3496N,42,35.0,3
2021-05-21 19:00,03F3496N,5,77.6,1
2021-05-21 19:00,03F3496S,31,31.7,310
2021-05-21 19:00,03F3496S,32,30.6,76
2021-05-21 19:00,03F3496S,41,0.0,0
2021-05-21 19:00,03F3496S,42,26.2,9
2021-05-21 19:00,03F3496S,5,43.4,10
2021-05-21 19:00,03F3588N,31,19.9,5
2021-05-21 19:00,03F3588N,32,34.6,1
2021-05-21 19:00,03F3588N,41,0.0,0
2021-05-21 19:00,03F3588N,42,0.0,0
2021-05-21 19:00,03F3588N,5,0.0,0
2021-05-21 19:00,03F3588S,31,39.2,202
2021-05-21 19:00,03F3588S,32,40.4,45
2021-05-21 19:00,03F3588S,41,34.6,1
2021-05-21 19:00,03F3588S,42,26.6,9
2021-05-21 19:00,03F3588S,5,26.0,4
2021-05-21 19:00,03F3670N,31,44.9,48
2021-05-21 19:00,03F3670N,32,40.8,17
2021-05-21 19:00,03F3670N,41,0.0,0
2021-05-21 19:00,03F3670N,42,61.5,3
2021-05-21 19:00,03F3670N,5,162.8,2
2021-05-21 19:00,03F3670S,31,12.5,2
2021-05-21 19:00,03F3670S,32,48.8,1
2021-05-21 19:00,03F3670S,41,0.0,0
2021-05-21 19:00,03F3670S,42,0.0,0
2021-05-21 19:00,03F3670S,5,0.0,0
2021-05-21 19:00,03F3743N,31,78.4,175
2021-05-21 19:00,03F3743N,32,82.9,61
2021-05-21 19:00,03F3743N,41,116.1,2
2021-05-21 19:00,03F3743N,42,70.0,15
2021-05-21 19:00,03F3743N,5,112.6,8
2021-05-21 19:00,03F3743S,31,25.2,74
2021-05-21 19:00,03F3743S,32,28.3,20
2021-05-21 19:00,03F3743S,41,0.0,0
2021-05-21 19:00,03F3743S,42,31.2,6
2021-05-21 19:00,03F3743S,5,16.4,3
2021-05-21 19:00,03F3854N,31,42.8,222
2021-05-21 19:00,03F3854N,32,30.6,81
2021-05-21 19:00,03F3854N,41,34.6,4
2021-05-21 19:00,03F3854N,42,106.5,13
2021-05-21 19:00,03F3854N,5,80.4,8
2021-05-21 19:00,03F3854S,31,15.0,391
2021-05-21 19:00,03F3854S,32,16.1,105
2021-05-21 19:00,03F3854S,41,0.0,0
2021-05-21 19:00,03F3854S,42,18.8,16
2021-05-21 19:00,03F3854S,5,20.7,8
2021-05-21 19:00,03F3916N,31,43.8,142
2021-05-21 19:00,03F3916N,32,45.6,30
2021-05-21 19:00,03F3916N,41,0.0,0
2021-05-21 19:00,03F3916N,42,61.2,11
2021-05-21 19:00,03F3916N,5,35.6,3
2021-05-21 19:00,03F3916S,31,25.4,65
2021-05-21 19:00,03F3916S,32,24.6,24
2021-05-21 19:00,03F3916S,41,0.0,0
2021-05-21 19:00,03F3916S,42,24.2,3
2021-05-21 19:00,03F3916S,5,21.3,3
2021-05-21 19:00,03F3981S,31,8.6,1
2021-05-21 19:00,03F3981S,32,0.0,0
2021-05-21 19:00,03F3981S,41,0.0,0
2021-05-21 19:00,03F3981S,42,0.0,0
2021-05-21 19:00,03F3981S,5,0.0,0
2021-05-21 19:00,03F3984N,31,48.4,103
2021-05-21 19:00,03F3984N,32,31.6,43
2021-05-21 19:00,03F3984N,41,0.0,0
2021-05-21 19:00,03F3984N,42,102.9,11
2021-05-21 19:00,03F3984N,5,249.7,4
2021-05-21 19:00,03F4018S,31,15.5,129
2021-05-21 19:00,03F4018S,32,14.4,45
2021-05-21 19:00,03F4018S,41,0.0,0
2021-05-21 19:00,03F4018S,42,15.9,6
2021-05-21 19:00,03F4018S,5,15.5,3
2021-05-21 19:00,03F4021N,31,48.2,114
2021-05-21 19:00,03F4021N,32,45.8,33
2021-05-21 19:00,03F4021N,41,0.0,0
2021-05-21 19:00,03F4021N,42,57.9,10
2021-05-21 19:00,03F4021N,5,38.6,3
2021-05-21 19:00,03F4142N,31,25.8,259
2021-05-21 19:00,03F4142N,32,24.7,60
2021-05-21 19:00,03F4142N,41,58.2,1
2021-05-21 19:00,03F4142N,42,77.6,4
2021-05-21 19:00,03F4142N,5,52.7,11
2021-05-21 19:00,03F4142S,31,11.2,239
2021-05-21 19:00,03F4142S,32,12.0,59
2021-05-21 19:00,03F4142S,41,7.9,1
2021-05-21 19:00,03F4142S,42,11.5,5
2021-05-21 19:00,03F4142S,5,7.9,3
2021-05-21 19:00,03F4168N,31,23.1,108
2021-05-21 19:00,03F4168N,32,23.8,31
2021-05-21 19:00,03F4168N,41,0.0,0
2021-05-21 19:00,03F4168N,42,121.2,11
2021-05-21 19:00,03F4168N,5,177.9,6
2021-05-21 19:00,03F4168S,31,10.2,400
2021-05-21 19:00,03F4168S,32,9.7,99
2021-05-21 19:00,03F4168S,41,12.7,7
2021-05-21 19:00,03F4168S,42,7.8,20
2021-05-21 19:00,03F4168S,5,9.6,9
2021-05-21 19:00,03F4232N,31,34.0,423
2021-05-21 19:00,03F4232N,32,35.5,135
2021-05-21 19:00,03F4232N,41,203.2,2
2021-05-21 19:00,03F4232N,42,84.6,26
2021-05-21 19:00,03F4232N,5,35.5,15
2021-05-21 19:00,03F4232S,31,0.0,0
2021-05-21 19:00,03F4232S,32,0.0,0
2021-05-21 19:00,03F4232S,41,0.0,0
2021-05-21 19:00,03F4232S,42,0.0,0
2021-05-21 19:00,03F4232S,5,0.0,0
2021-05-21 19:00,03F4259N,31,31.2,153
2021-05-21 19:00,03F4259N,32,22.3,52
2021-05-21 19:00,03F4259N,41,18.5,5
2021-05-21 19:00,03F4259N,42,181.0,11
2021-05-21 19:00,03F4259N,5,72.4,4
2021-05-21 19:00,03F4263S,31,6.0,14
2021-05-21 19:00,03F4263S,32,6.0,2
2021-05-21 19:00,03F4263S,41,0.0,0
2021-05-21 19:00,03F4263S,42,6.0,1
2021-05-21 19:00,03F4263S,5,0.0,0
2021-05-21 19:00,05F0000S,31,0.0,0
2021-05-21 19:00,05F0000S,32,0.0,0
2021-05-21 19:00,05F0000S,41,0.0,0
2021-05-21 19:00,05F0000S,42,0.0,0
2021-05-21 19:00,05F0000S,5,0.0,0
2021-05-21 19:00,05F0001N,31,14.9,62
2021-05-21 19:00,05F0001N,32,15.2,27
2021-05-21 19:00,05F0001N,41,0.0,0
2021-05-21 19:00,05F0001N,42,19.3,2
2021-05-21 19:00,05F0001N,5,0.0,0
2021-05-21 19:00,05F0055N,31,23.5,48
2021-05-21 19:00,05F0055N,32,18.7,18
2021-05-21 19:00,05F0055N,41,10.7,1
2021-05-21 19:00,05F0055N,42,0.0,0
2021-05-21 19:00,05F0055N,5,0.0,0
2021-05-21 19:00,05F0055S,31,32.7,120
2021-05-21 19:00,05F0055S,32,34.1,39
2021-05-21 19:00,05F0055S,41,10.7,1
2021-05-21 19:00,05F0055S,42,0.0,0
2021-05-21 19:00,05F0055S,5,0.0,0
2021-05-21 19:00,05F0287N,31,49.7,163
2021-05-21 19:00,05F0287N,32,49.5,37
2021-05-21 19:00,05F0287N,41,40.6,6
2021-05-21 19:00,05F0287N,42,0.0,0
2021-05-21 19:00,05F0287N,5,0.0,0
2021-05-21 19:00,05F0287S,31,21.7,8
2021-05-21 19:00,05F0287S,32,19.8,2
2021-05-21 19:00,05F0287S,41,0.0,0
2021-05-21 19:00,05F0287S,42,0.0,0
2021-05-21 19:00,05F0287S,5,0.0,0
2021-05-21 19:00,05F0309N,31,54.7,246
2021-05-21 19:00,05F0309N,32,54.0,65
2021-05-21 19:00,05F0309N,41,41.2,13
2021-05-21 19:00,05F0309N,42,8.3,3
2021-05-21 19:00,05F0309N,5,0.0,0
2021-05-21 19:00,05F0309S,31,13.5,60
2021-05-21 19:00,05F0309S,32,13.6,15
2021-05-21 19:00,05F0309S,41,16.4,2
2021-05-21 19:00,05F0309S,42,22.9,14
2021-05-21 19:00,05F0309S,5,20.9,27
2021-05-21 19:00,05F0438N,31,44.0,241
2021-05-21 19:00,05F0438N,32,47.8,70
2021-05-21 19:00,05F0438N,41,52.6,21
2021-05-21 19:00,05F0438N,42,16.4,3
2021-05-21 19:00,05F0438N,5,15.8,16
2021-05-21 19:00,05F0439S,31,0.0,0
2021-05-21 19:00,05F0439S,32,0.0,0
2021-05-21 19:00,05F0439S,41,0.0,0
2021-05-21 19:00,05F0439S,42,0.0,0
2021-05-21 19:00,05F0439S,5,0.0,0
2021-05-21 19:00,05F0494S,31,7.6,62
2021-05-21 19:00,05F0494S,32,7.6,24
2021-05-21 19:00,05F0494S,41,0.0,0
2021-05-21 19:00,05F0494S,42,0.0,0
2021-05-21 19:00,05F0494S,5,0.0,0
2021-05-21 19:00,05F0528N,31,50.4,302
2021-05-21 19:00,05F0528N,32,47.6,93
2021-05-21 19:00,05F0528N,41,7.6,1
2021-05-21 19:00,05F0528N,42,18.6,5
2021-05-21 19:00,05F0528N,5,22.6,34
2021-05-21 19:00,05FR113S,31,9.7,124
2021-05-21 19:00,05FR113S,32,8.8,36
2021-05-21 19:00,05FR113S,41,6.0,6
2021-05-21 19:00,05FR113S,42,0.0,0
2021-05-21 19:00,05FR113S,5,0.0,0
2021-05-21 19:00,05FR143N,31,0.0,0
2021-05-21 19:00,05FR143N,32,0.0,0
2021-05-21 19:00,05FR143N,41,0.0,0
2021-05-21 19:00,05FR143N,42,0.0,0
2021-05-21 19:00,05FR143N,5,0.0,0
